k,f,grad_norm,t_k,rk_residual,cpu_time,cpu_time_sum
0,0.6931471805599454,0.469570892796963,1.0,0.24436626431403155,0.148623,0.148623
1,0.5335092825937335,0.3501975608145994,1.0,0.12292175618615829,0.140393,0.289016
2,0.42517138039327224,0.2629874850350028,1.0,0.09544483204126818,0.13776200000000005,0.42677800000000005
3,0.35117685681993643,0.2029969496260485,1.0,0.1075170297343853,0.25937599999999994,0.6861539999999999
4,0.29844735646574677,0.16148671236632936,1.0,0.12694326663823294,0.19295300000000004,0.879107
5,0.2591862513407321,0.13187738654747191,1.0,0.13980447274111332,0.18639000000000006,1.0654970000000001
6,0.2289520212962088,0.11025877253032053,1.0,0.15383527205358175,0.14507499999999984,1.210572
7,0.20499517919435187,0.09401098699943441,1.0,0.17334266772729187,0.14512500000000017,1.3556970000000002
8,0.18561312957908455,0.08157071259523438,1.0,0.18736240509172122,0.13899399999999984,1.494691
9,0.16960410999285422,0.07176272005869157,1.0,0.18932276631155365,0.14093599999999995,1.635627
10,0.15609008323317874,0.06378497624832585,1.0,0.19440312677499721,0.13809300000000002,1.77372
11,0.14456657673351545,0.057335899018161766,1.0,0.19185827455316057,0.15240300000000007,1.926123
12,0.1345762954500626,0.05192644066028778,1.0,0.20057040684469243,0.15350600000000014,2.079629
13,0.12589078817655838,0.04741272503430153,1.0,0.19558707751535226,0.1610640000000001,2.2406930000000003
14,0.11824602496830752,0.0435889197868433,1.0,0.1998482689706032,0.15455399999999964,2.395247
15,0.11142227559973597,0.04023853456170412,1.0,0.20124387647428998,0.1725620000000001,2.567809
16,0.10529837566716395,0.03737090536104727,1.0,0.20628261365873224,0.14128600000000002,2.709095
17,0.09980539160248111,0.03487274784889679,1.0,0.20661397116366573,0.13912199999999997,2.848217
18,0.0948201381761519,0.03263768442828581,1.0,0.20260541679812374,0.1283470000000002,2.976564
19,0.09027655963125546,0.030652475571107035,1.0,0.20358357191815757,0.13529100000000005,3.1118550000000003
20,0.08612281420948488,0.02888430699316971,1.0,0.2006218528656617,0.13545699999999972,3.247312
21,0.08230479467368697,0.02731083577576711,1.0,0.20145800484952303,0.1442000000000001,3.391512
22,0.0787878914426454,0.025861020854176294,1.0,0.19917451435736633,0.13742399999999977,3.528936
23,0.07554003631444645,0.024587173657832924,1.0,0.20023763679049972,0.13691200000000014,3.665848
24,0.07252444045106382,0.023392194261468952,1.0,0.19669907637372241,0.1371509999999998,3.802999
25,0.06971424442951388,0.022316466212272002,1.0,0.19726444656092107,0.13576500000000014,3.938764
26,0.0670951038410597,0.02131500826370216,1.0,0.19683994365641724,0.1399809999999997,4.078745
27,0.06463981722905175,0.020419776567376414,1.0,0.19267502923009525,0.14654900000000026,4.225294
28,0.062341573641850744,0.01955460807565207,1.0,0.19165875341054012,0.14718500000000034,4.372479
29,0.060182723443910804,0.018785870563242973,1.0,0.1924438067355868,0.13628799999999952,4.508767
30,0.05815544239944471,0.018075737598484035,1.0,0.18889819185926116,0.13868100000000005,4.647448
31,0.056241903535064995,0.017409825788161273,1.0,0.18309947719290548,0.1615480000000007,4.8089960000000005
32,0.054439166461396175,0.016772120309739177,1.0,0.18423414099570515,0.14156099999999938,4.950557
33,0.05273307203105544,0.016205465299709176,1.0,0.18947949445768492,0.14577300000000015,5.09633
34,0.05111785079309649,0.015652936878842352,1.0,0.18035203716794576,0.15229099999999995,5.248621
35,0.04958438322979093,0.01512425935924329,1.0,0.18098161764213244,0.1476810000000004,5.396302
36,0.04812743305076086,0.014625810886893431,1.0,0.17908166884388996,0.14542900000000003,5.541731
37,0.04674027771532008,0.014169055643465637,1.0,0.183376328301266,0.19987599999999972,5.741607
38,0.045420386542923706,0.013729127763990196,1.0,0.1760712708597626,0.14340699999999984,5.885014
39,0.044161219425120794,0.013304441450508294,1.0,0.17735929244706725,0.13852699999999984,6.023541
40,0.04295908765687138,0.012908402521392135,1.0,0.1740599567709029,0.13268600000000053,6.156227
41,0.041810743091276026,0.012548429716052719,1.0,0.16889891781226088,0.13993900000000004,6.296166
42,0.040713193862471145,0.01220094787363115,1.0,0.168287178624549,0.15172399999999975,6.44789
43,0.03966495163539558,0.011871791393912215,1.0,0.1686813481582342,0.14285999999999976,6.59075
44,0.03865973806267377,0.011541323899310533,1.0,0.16401509406428466,0.15615700000000032,6.746907
45,0.037695825456755386,0.011236807864631089,1.0,0.1640300419298207,0.1708229999999995,6.91773
46,0.0367706016402314,0.01094846308247059,1.0,0.16226088211262585,0.15651400000000049,7.074244
47,0.03588264610067566,0.010677943553525025,1.0,0.15597804168999427,0.13571500000000025,7.2099590000000005
48,0.03502940116950816,0.010426709022515364,1.0,0.1602048749629044,0.15208399999999944,7.362043
49,0.03421026090830246,0.010165520427666478,1.0,0.15742172425811354,0.15236599999999978,7.514409
50,0.03342166161993775,0.009928525263125699,1.0,0.15486059141913708,0.14850100000000044,7.66291
51,0.032662729830967525,0.009694544578675213,1.0,0.15251158154583422,0.13589700000000082,7.798807000000001
52,0.03193133740967014,0.009478755213720812,1.0,0.14894787125842496,0.1418809999999997,7.940688000000001
53,0.031226569001416786,0.009259605126405406,1.0,0.14750215780820788,0.1384489999999996,8.079137
54,0.03054658554684776,0.009051800152734655,1.0,0.14431067164513114,0.13842700000000008,8.217564
55,0.029890219237529266,0.008846835057941354,1.0,0.1462677232527431,0.13621900000000053,8.353783
56,0.02925647468216092,0.008651916376606016,1.0,0.14587064869323169,0.13841199999999887,8.492194999999999
57,0.02864389989642408,0.00846849505935142,1.0,0.14257201829877442,0.1384439999999998,8.630638999999999
58,0.028051757152395457,0.008287701641100589,1.0,0.13847750656688956,0.13043400000000105,8.761073
59,0.02747905247165268,0.008114493013749245,1.0,0.14231303460036016,0.13782499999999942,8.898897999999999
60,0.026924039933876785,0.007957582865747428,1.0,0.13424622573053696,0.14156799999999947,9.040465999999999
61,0.026387266425242372,0.007809440750638222,1.0,0.13751701268274868,0.1325099999999999,9.172975999999998
62,0.025868668701710975,0.007647439943071321,1.0,0.13777917339672766,0.14552300000000074,9.318499
63,0.025365376065995312,0.007505013040459949,1.0,0.13335721530069178,0.13970400000000005,9.458203
64,0.024878222517503636,0.007358704426364828,1.0,0.13460208952250505,0.1330379999999991,9.591240999999998
65,0.024405906524593853,0.007218341148314964,1.0,0.1327314156693615,0.1394750000000009,9.730716
66,0.023947431838392513,0.0070820837749883975,1.0,0.13025102492232743,0.13922900000000027,9.869945
67,0.023502743710972128,0.00695052841829758,1.0,0.1335258712476069,0.13779699999999906,10.007741999999999
68,0.023070860005699183,0.006824542219664685,1.0,0.129726125455934,0.1384179999999997,10.146159999999998
69,0.02265183674917815,0.006699066160863131,1.0,0.1300579697994062,0.1383220000000005,10.284481999999999
70,0.022244599574370538,0.006582799467371954,1.0,0.12908992188746146,0.13813999999999993,10.422621999999999
71,0.02184904414961325,0.006471109809846817,1.0,0.12445968276831244,0.13887000000000072,10.561492
72,0.02146476195646307,0.006367620604847237,1.0,0.12576617380803248,0.1413309999999992,10.702822999999999
73,0.021091539813413065,0.006261230746975764,1.0,0.12543527469212443,0.16176800000000036,10.864590999999999
74,0.02072849779866006,0.006150030317133347,1.0,0.12499704718000962,0.16013900000000092,11.02473
75,0.02037512627362075,0.006043800349232084,1.0,0.12509547537806895,0.15050399999999975,11.175234
76,0.020030752150434664,0.005945731033427858,1.0,0.12144359682178717,0.15754499999999894,11.332778999999999
77,0.019695905181406983,0.005848833538331855,1.0,0.1207549223991986,0.20305200000000134,11.535831
78,0.019369751932367934,0.005756868948650307,1.0,0.12107448000571791,0.14775899999999886,11.683589999999999
79,0.019052149306679523,0.005665731181204446,1.0,0.11860354768664295,0.14425500000000113,11.827845
80,0.018742678765883578,0.005581770353085439,1.0,0.12021302008897795,0.14768499999999918,11.97553
81,0.018441544725170823,0.00549552261049746,1.0,0.11796198848202846,0.14411300000000082,12.119643
82,0.018147922178031916,0.0054092195866424575,1.0,0.11614467389379414,0.16327599999999975,12.282919
83,0.017861335957898475,0.005324177041995982,1.0,0.11402579135320945,0.16896500000000003,12.451884
84,0.017581905348312055,0.005248429509964505,1.0,0.11303048940944065,0.1622369999999993,12.614120999999999
85,0.017309408330173377,0.005174193995061178,1.0,0.11122486817122877,0.164555,12.778675999999999
86,0.017043683631278513,0.005095402484409823,1.0,0.1094773304523679,0.14398000000000089,12.922656
87,0.016784225839200233,0.005024032726326254,1.0,0.11118779198049977,0.14112100000000005,13.063777
88,0.016530841500666492,0.004958494384271404,1.0,0.11121797460828577,0.14328199999999924,13.207059
89,0.016283807085378396,0.0048913965871445544,1.0,0.1089003501783508,0.14002600000000065,13.347085
90,0.016042859489655194,0.004824718868394888,1.0,0.10841106918507284,0.13301300000000005,13.480098
91,0.01580731173302057,0.00476114918009666,1.0,0.10641613575607144,0.1341209999999986,13.614218999999999
92,0.015577476954042251,0.004695470181223188,1.0,0.10712914249185188,0.13507400000000125,13.749293
93,0.01535298468321443,0.004633023031080323,1.0,0.10478546189011875,0.13832099999999947,13.887614
94,0.015133347524562853,0.004570442267730791,1.0,0.10170333549766565,0.13940099999999944,14.027014999999999
95,0.014918661971922471,0.004512211802594301,1.0,0.10295539416622221,0.13820600000000027,14.165220999999999
96,0.014708913253365204,0.004450251479568124,1.0,0.10246164113952781,0.14118299999999984,14.306403999999999
97,0.014503789877030705,0.0043903152843889235,1.0,0.10338862492895935,0.1372119999999999,14.443615999999999
98,0.014303083708392601,0.004335701619441634,1.0,0.10003469548941768,0.1287470000000006,14.572363
99,0.014106941413536888,0.0042833914964807256,1.0,0.10119689721479803,0.1471909999999994,14.719553999999999
100,0.013914975191698192,0.0042276001685339825,1.0,0.09888585293127068,0.13788300000000042,14.857437
101,0.013727066261641531,0.004172844548413482,1.0,0.09798426359106854,0.13943100000000008,14.996868
102,0.013543107903734787,0.004118627356151222,1.0,0.09744951942510811,0.13272300000000037,15.129591
103,0.013362922057532305,0.004070089451270482,1.0,0.09935030455702526,0.14302999999999955,15.272621
104,0.013186698270610251,0.004019173802897353,1.0,0.09699920130370022,0.14221299999999992,15.414833999999999
105,0.013014046691441147,0.003968944922466104,1.0,0.09347655085133239,0.13331600000000066,15.54815
106,0.01284492294030379,0.0039199766365337904,1.0,0.09793228007143268,0.13167499999999954,15.679825
107,0.012679153944780606,0.003873205399449637,1.0,0.09151668264030047,0.13859400000000122,15.818419
108,0.012516722412507236,0.003831330998116097,1.0,0.09396329854316161,0.14130099999999857,15.959719999999999
109,0.01235769703503769,0.0037850375618684296,1.0,0.09038902031002537,0.14078400000000002,16.100504
110,0.012201857212652241,0.003738182840397538,1.0,0.09315488224679629,0.13665200000000155,16.237156000000002
111,0.012048923968272863,0.0036967624134425334,1.0,0.09269581161650836,0.1398099999999971,16.376966
112,0.011899047290616336,0.0036553908546403105,1.0,0.09190088328579585,0.13663600000000287,16.513602000000002
113,0.011752176105632487,0.003611122748270335,1.0,0.09250484348532162,0.1476249999999979,16.661227
114,0.011608056870763361,0.003570212123902345,1.0,0.09080799673138518,0.1567450000000008,16.817972
115,0.01146683025074657,0.003529334593669204,1.0,0.08987731932370402,0.15395399999999881,16.971926
116,0.01132824678657321,0.003487356445196365,1.0,0.08820194692540993,0.16446000000000183,17.136386
117,0.011192236095467682,0.0034469406525279595,1.0,0.089063474084493,0.1582410000000003,17.294627000000002
118,0.011058651931807172,0.003411912162514168,1.0,0.08817847561117628,0.14103599999999972,17.435663
119,0.010927666404384325,0.0033744331504299524,1.0,0.08720892612491202,0.13748199999999855,17.573145
120,0.010799130443894526,0.003338570933822538,1.0,0.08771507683977121,0.15765599999999935,17.730801
121,0.010672918205966673,0.0033049929556980846,1.0,0.0840922065320001,0.15250300000000294,17.883304000000003
122,0.010549127848197731,0.003268424423057371,1.0,0.0846733488106318,0.1395009999999992,18.022805
123,0.010427514430722677,0.003235354959427581,1.0,0.08532270416085805,0.1353439999999999,18.158149
124,0.010308137687865544,0.0032050155570110266,1.0,0.08430344203135932,0.13157199999999847,18.289721
125,0.010190924243056294,0.0031746960365925136,1.0,0.08432986416926005,0.15664999999999907,18.446371
126,0.010075895884042145,0.0031406525755365328,1.0,0.0824556154890278,0.1598990000000029,18.606270000000002
127,0.00996289511261554,0.0031087777832405667,1.0,0.0824098453669378,0.16627599999999987,18.772546000000002
128,0.009851849523893773,0.0030749791750856606,1.0,0.08256079391132828,0.16686799999999735,18.939414
129,0.009742727490991662,0.003044631807776178,1.0,0.0822460788268338,0.15919799999999995,19.098612
130,0.009635485860150946,0.003014318491785104,1.0,0.0817449628380443,0.154594000000003,19.253206000000002
131,0.009530115465029614,0.002983527786657127,1.0,0.08086454541717032,0.1376609999999978,19.390867
132,0.009426569163191494,0.0029555616483483223,1.0,0.07931688870991263,0.1410790000000013,19.531946
133,0.009324804530567827,0.0029266683729317804,1.0,0.08137307342631413,0.1672559999999983,19.699202
134,0.009224667203332657,0.0028988557396259526,1.0,0.07902050910790354,0.1685370000000006,19.867739
135,0.009126321701393245,0.002869778088868264,1.0,0.08097452161833492,0.16813900000000004,20.035878
136,0.009029646015962022,0.0028422590248005923,1.0,0.07675567935949222,0.1626429999999992,20.198521
137,0.008934549158198236,0.002815757223147446,1.0,0.07684861210722978,0.16122000000000014,20.359741
138,0.008841057936839399,0.0027882487800069073,1.0,0.07707887318144195,0.13576400000000177,20.495505
139,0.00874904438396305,0.0027655072031202398,1.0,0.0754503762367115,0.14977599999999924,20.645281
140,0.008658620528853437,0.0027388091753527666,1.0,0.07615421144424492,0.13204100000000096,20.777322
141,0.008569672342245926,0.002713167107333181,1.0,0.07662622784998306,0.14019499999999852,20.917517
142,0.008482133890109296,0.0026874295232942,1.0,0.07574503090043584,0.13996900000000068,21.057486
143,0.008395954292785949,0.002664043281683102,1.0,0.0760780651967775,0.1418280000000003,21.199314
144,0.008311250739756318,0.0026389673976620403,1.0,0.07650884234869572,0.1393570000000004,21.338671
145,0.008227847497276558,0.002614350065760651,1.0,0.075929732165912,0.13699300000000036,21.475664000000002
146,0.008145684890953703,0.0025940822991836828,1.0,0.07346871408250445,0.139288999999998,21.614953
147,0.008064864889024727,0.0025711751067032606,1.0,0.07482758207632097,0.14091300000000118,21.755866
148,0.007985329456667358,0.002549375829788608,1.0,0.07209962806315698,0.13702299999999923,21.892889
149,0.007907076495303401,0.002525652438563911,1.0,0.07274215396167291,0.13680300000000045,22.029692
150,0.007829993036735908,0.0025019976046193556,1.0,0.07316314144204063,0.1401469999999989,22.169839
151,0.007754034228730121,0.0024811548589204085,1.0,0.07282808310738541,0.13453700000000168,22.304376
152,0.007679248410368541,0.0024611581833438693,1.0,0.07294778586856125,0.12777399999999872,22.43215
153,0.007605643622003898,0.002439238060299697,1.0,0.07363873890149766,0.1385860000000001,22.570736
154,0.007533141366142731,0.002417852479030965,1.0,0.0733165183808622,0.13839600000000019,22.709132
155,0.007461688829701946,0.002398441198749186,1.0,0.07014594936171607,0.13920500000000047,22.848337
156,0.007391326067368078,0.0023788809046976873,1.0,0.07009639070832062,0.13241000000000014,22.980747
157,0.00732202468174377,0.0023582945230911255,1.0,0.07059338499734198,0.14324999999999832,23.123997
158,0.007253704995190894,0.00233913916938283,1.0,0.07006654377390523,0.13938400000000328,23.263381000000003
159,0.00718642974317894,0.0023207101202327805,1.0,0.06761219458390459,0.1423249999999996,23.405706000000002
160,0.0071201227334911936,0.0023023206159339606,1.0,0.06772157223135412,0.12850199999999745,23.534208
161,0.0070548079581156005,0.002283849425888516,1.0,0.06846947449491206,0.14261100000000226,23.676819000000002
162,0.006990426048609577,0.0022659912328085183,1.0,0.06841032160781695,0.14210999999999885,23.818929
163,0.006926937401424894,0.002249568103321666,1.0,0.06938503316468825,0.13327699999999965,23.952206
164,0.0068644325743077396,0.0022307523425430073,1.0,0.0684827325959125,0.13302499999999995,24.085231
165,0.006802825011268786,0.0022110573732646403,1.0,0.06823193298296457,0.14341900000000152,24.228650000000002
166,0.0067420287558071,0.002194892799284446,1.0,0.067677147016554,0.1399659999999976,24.368616
167,0.0066820942081742005,0.0021792875027876525,1.0,0.06757732144922356,0.13605900000000304,24.504675000000002
168,0.0066230357157803215,0.0021647718514295968,1.0,0.06838502114987899,0.13234100000000026,24.637016000000003
169,0.00656482712336324,0.0021494689585044645,1.0,0.06443138943872023,0.1460899999999974,24.783106
170,0.006507437743968044,0.002134341885811488,1.0,0.0658328646267223,0.13923800000000242,24.922344000000002
171,0.0064508682152878225,0.0021165820743308215,1.0,0.06533007180219545,0.13922399999999868,25.061568
172,0.006395056499995442,0.00210031074802943,1.0,0.06573894181097546,0.13862800000000064,25.200196000000002
173,0.006340007525815692,0.0020850799744902473,1.0,0.06423428839482906,0.14380299999999835,25.343999
174,0.0062856992797495756,0.0020709567918947764,1.0,0.06298392807278606,0.14679200000000137,25.490791
175,0.006232146470674087,0.002056910394853805,1.0,0.06287810774144964,0.13473399999999813,25.625525
176,0.006179325428061476,0.0020423698229260117,1.0,0.06306194971816734,0.13940200000000047,25.764927
177,0.00612724184762828,0.002027714707659828,1.0,0.06351634278722706,0.1436010000000003,25.908528
178,0.006075854777783467,0.002013391648225179,1.0,0.06419955557122337,0.14015500000000003,26.048683
179,0.006025142069574851,0.001998397549679224,1.0,0.06141763213028535,0.13758200000000187,26.186265000000002
180,0.005975095858362678,0.001984382214518504,1.0,0.06284941311761036,0.1425769999999993,26.328842
181,0.00592569222593659,0.0019711653211743,1.0,0.06152822449507498,0.1316260000000007,26.460468000000002
182,0.005876965920456069,0.0019582889901601586,1.0,0.06212378447412057,0.13684499999999744,26.597313
183,0.005828862279665641,0.0019451965803333766,1.0,0.06115063427767619,0.1345729999999996,26.731886
184,0.005781417911594312,0.0019305812079672613,1.0,0.06302409373950399,0.14188000000000045,26.873766
185,0.005734549824703979,0.0019164190471131078,1.0,0.06110926625315613,0.1426530000000028,27.016419000000003
186,0.005688274666523145,0.0019038216032026473,1.0,0.06132753326733221,0.13923999999999737,27.155659
187,0.0056425999806581865,0.0018910321057674596,1.0,0.06107041333069111,0.1369410000000002,27.2926
188,0.005597501694251289,0.0018798545941655415,1.0,0.06111515813899041,0.13828200000000024,27.430882
189,0.005552994305113781,0.0018693425894969623,1.0,0.06019337930694343,0.13235799999999998,27.56324
190,0.005509107738085479,0.0018567027194414123,1.0,0.06009777017092475,0.1397030000000008,27.702943
191,0.005465773957212978,0.0018442066306405662,1.0,0.060488056426043296,0.13787999999999911,27.840823
192,0.0054229707998655905,0.0018312585866419116,1.0,0.060608222053148336,0.14037599999999983,27.981199
193,0.0053807004157661546,0.0018183879777677564,1.0,0.060254177379629036,0.13563800000000015,28.116837
194,0.005338912698914972,0.001806446238436649,1.0,0.057713187874129386,0.12930899999999923,28.246146
195,0.005297660791279632,0.0017957498581929346,1.0,0.058214629924138485,0.14223400000000197,28.38838
196,0.005256937337929973,0.0017840029392852937,1.0,0.057469594739738845,0.13954499999999825,28.527925
197,0.005216694176034833,0.001772757903701215,1.0,0.0586554004918396,0.1367750000000001,28.6647
198,0.0051769506206748245,0.001761666607031201,1.0,0.05818266000475864,0.13174000000000063,28.79644
199,0.005137698156771961,0.0017506569890022572,1.0,0.05760419553854401,0.14047800000000166,28.936918000000002
200,0.005098938489354428,0.0017385934711339208,1.0,0.05791063515855046,0.1467359999999971,29.083654
201,0.005060623145229321,0.0017265940133609453,1.0,0.057549010332494155,0.13760100000000008,29.221255
202,0.005022742495466863,0.001716156327501842,1.0,0.056455137110780255,0.13978300000000132,29.361038
203,0.004985322217789919,0.0017058547322691274,1.0,0.05726563634421817,0.14137699999999853,29.502415
204,0.004948354852904845,0.0016952603029521522,1.0,0.05688292844153943,0.1462210000000006,29.648636
205,0.0049118268591989275,0.0016852663688585647,1.0,0.05670972442210672,0.14109900000000053,29.789735
206,0.00487573227786742,0.0016748133468379978,1.0,0.05500660618796783,0.13955100000000087,29.929286
207,0.004840060040877848,0.0016638892013217318,1.0,0.054571220130580925,0.14952399999999955,30.07881
208,0.004804787855742553,0.0016541350889277776,1.0,0.05552026141875742,0.14136799999999994,30.220178
209,0.004769940231434732,0.001642914761239254,1.0,0.05500982925820102,0.1395690000000016,30.359747000000002
210,0.004735484714224537,0.001632135524934599,1.0,0.05510312911666307,0.14051199999999753,30.500259
211,0.004701407807742454,0.0016225521656776762,1.0,0.055357734322955876,0.13794700000000049,30.638206
212,0.00466771363131923,0.001613468210445733,1.0,0.054441505888137204,0.14184900000000056,30.780055
213,0.004634431563328588,0.0016028455860114083,1.0,0.05396265604061445,0.13325999999999993,30.913315
214,0.0046015010619052735,0.0015937814564621234,1.0,0.053457923984823984,0.14510800000000046,31.058423
215,0.004568942625186457,0.0015855116456125638,1.0,0.05338026508586537,0.13837699999999842,31.1968
216,0.004536768680231828,0.001576340349328991,1.0,0.05317782135496375,0.13205400000000012,31.328854
217,0.004504963983937963,0.001567126377197852,1.0,0.05295478869406962,0.137119000000002,31.465973
218,0.004473507893967176,0.001558406770462651,1.0,0.05205288611448003,0.13757099999999767,31.603544
219,0.004442404641009446,0.0015510131844339659,1.0,0.052451596670980254,0.1484750000000048,31.752019000000004
220,0.004411664515974164,0.0015424752537169788,1.0,0.051952601689064355,0.13639199999999363,31.888410999999998
221,0.0043812755046393394,0.0015341504466779429,1.0,0.050964723932414586,0.13586899999999957,32.02428
222,0.004351236120458153,0.0015244632607983714,1.0,0.052811195438227015,0.13675100000000384,32.161031
223,0.0043215149498030915,0.0015164185266127574,1.0,0.052118803646953836,0.1425789999999978,32.30361
224,0.00429212018874519,0.0015078348161062286,1.0,0.05119852754420239,0.1368310000000008,32.440441
225,0.004263038926889791,0.001498815455626471,1.0,0.0509905951800729,0.13581200000000138,32.576253
226,0.004234267382469452,0.0014894134338115695,1.0,0.05103149659500943,0.1379480000000015,32.714201
227,0.004205796704923504,0.0014807162518645776,1.0,0.05139685857899104,0.13499799999999595,32.849199
228,0.004177634713152798,0.0014732391238110876,1.0,0.051196150745334935,0.13779800000000364,32.986997
229,0.004149767650256103,0.0014650676685399253,1.0,0.050688049353175994,0.1371859999999998,33.124183
230,0.0041222044078191205,0.0014571927983798227,1.0,0.05043269892109616,0.13671199999999573,33.260895
231,0.004094943023572782,0.0014485863677167336,1.0,0.05048254363076673,0.1385270000000034,33.399422
232,0.004067950958235138,0.0014408198105159927,1.0,0.04912785409152871,0.13840599999999625,33.537828
233,0.004041244337372761,0.0014328989017749903,1.0,0.049302394152275615,0.14560800000000285,33.683436
234,0.004014824426621688,0.0014243214121849154,1.0,0.04984051220682594,0.14114099999999752,33.824577
235,0.003988667769748909,0.0014178901574281243,1.0,0.04875178367196801,0.13324700000000433,33.957824
236,0.003962792494678123,0.0014111122113831577,1.0,0.04907646921624251,0.13877999999999702,34.096604
237,0.0039372004190808135,0.0014026975147439155,1.0,0.0487851811108694,0.14053799999999939,34.237142
238,0.003911861885552564,0.0013951151486611372,1.0,0.04855404764817502,0.13776599999999917,34.374908
239,0.0038867853555790382,0.0013885216467761643,1.0,0.049529553496289895,0.14069700000000296,34.515605
240,0.0038619741393776867,0.001381825495414799,1.0,0.049222223612455845,0.1354729999999975,34.651078
241,0.0038374129302585027,0.0013752371949178283,1.0,0.04843057789048994,0.15490700000000146,34.805985
242,0.003813113490650092,0.0013689447226110964,1.0,0.04809365981665059,0.1788880000000006,34.984873
243,0.0037890671579672024,0.0013622541057768222,1.0,0.049069543578194645,0.1540990000000022,35.138972
244,0.003765269441788339,0.0013558409041011265,1.0,0.047889777129721256,0.13743399999999895,35.276406
245,0.0037417116827801644,0.0013489456366872665,1.0,0.04824679924030223,0.1459740000000025,35.422380000000004
246,0.0037183866379776765,0.00134287645466096,1.0,0.046914717179519054,0.1507299999999958,35.57311
247,0.0036953080119548755,0.0013357965917038712,1.0,0.046156157449256226,0.14612000000000336,35.71923
248,0.0036724582471894768,0.0013294923573137086,1.0,0.046566322117586635,0.1513789999999986,35.870609
249,0.003649843693687579,0.0013222325513582319,1.0,0.04663447585252389,0.13598100000000102,36.00659
250,0.003627439526750961,0.0013155071665675116,1.0,0.04632975660268781,0.14541200000000032,36.152002
251,0.0036052488569100222,0.0013090168968982712,1.0,0.04651743576038198,0.14527400000000057,36.297276000000004
252,0.00358328116839333,0.001302703568997383,1.0,0.045449609976437017,0.14257699999999573,36.439853
253,0.003561536797774204,0.0012955327862495768,1.0,0.045542969289542816,0.13920699999999897,36.57906
254,0.0035399878825404436,0.001289049974309741,1.0,0.04621671771010985,0.1353770000000054,36.714437000000004
255,0.003518652266950616,0.0012831638653920693,1.0,0.046593828078999235,0.14408699999999897,36.858524
256,0.0034975380913620283,0.001276692365346255,1.0,0.045534798013876825,0.1640949999999961,37.022619
257,0.0034766189508104563,0.0012700629401291835,1.0,0.045206155056511745,0.14547699999999963,37.168096
258,0.0034558842557546143,0.0012640376092670688,1.0,0.04527156699729343,0.14978100000000438,37.317877
259,0.0034353512942354564,0.0012576221812890217,1.0,0.04561735652478194,0.15382100000000065,37.471698
260,0.0034150250432024368,0.0012518621854975347,1.0,0.046042414301596495,0.15021199999999624,37.62191
261,0.0033948843857602258,0.0012461157784007927,1.0,0.04456041828803624,0.1604549999999989,37.782365
262,0.0033749395127453436,0.001239872765374841,1.0,0.04480456398985273,0.18338400000000377,37.965749
263,0.0033551811788187047,0.0012330872185530182,1.0,0.045103390063806814,0.16582400000000064,38.131573
264,0.0033355972826473452,0.001228062896857272,1.0,0.04476032046076682,0.16765099999999933,38.299224
265,0.0033162100657499103,0.0012218672509627393,1.0,0.04384589438220693,0.1703639999999993,38.469588
266,0.003296999966611265,0.0012160591921215479,1.0,0.0444643882243903,0.17437799999999726,38.643966
267,0.00327796821138788,0.0012094769938763177,1.0,0.0443564078577799,0.16346599999999967,38.807432
268,0.003259093690852973,0.001204206544138761,1.0,0.04346553594442417,0.1375020000000049,38.944934
269,0.003240400907077371,0.00119895843630153,1.0,0.043520475960076424,0.1482469999999978,39.093181
270,0.00322188538618791,0.0011936019536957106,1.0,0.04291170403644709,0.14382899999999665,39.23701
271,0.003203547057433308,0.0011880198012755134,1.0,0.042502978945369724,0.13768400000000014,39.374694
272,0.0031853678792804984,0.0011828100360458864,1.0,0.043174868061294766,0.15324600000000288,39.52794
273,0.0031673573571679363,0.0011776562715108253,1.0,0.04276046878712355,0.14661499999999705,39.674555
274,0.0031495130820392986,0.001172541707631446,1.0,0.043022769341031886,0.1480890000000059,39.822644000000004
275,0.0031318376475250238,0.0011666661094397563,1.0,0.04234161559872347,0.16587899999999678,39.988523
276,0.003114315137389634,0.0011610715816337432,1.0,0.04288010543166727,0.18412099999999754,40.172644
277,0.0030969504844003087,0.0011558883521661618,1.0,0.043203763442230765,0.1979469999999992,40.370591
278,0.0030797307741057666,0.001151472280884139,1.0,0.042068607876455236,0.19429500000000388,40.564886
279,0.00306267771948442,0.001146354072245304,1.0,0.0422181254019198,0.20020900000000097,40.765095
280,0.003045771161029034,0.0011418855622989598,1.0,0.04235152349104256,0.14436699999999547,40.909462
281,0.0030290241624797046,0.0011364832532876987,1.0,0.04149938621608092,0.15679599999999994,41.066258
282,0.0030124191284115628,0.0011312867912566934,1.0,0.041895391779919355,0.14374899999999968,41.210007
283,0.002995957957420993,0.001127084266890826,1.0,0.041926829729497433,0.1464200000000062,41.356427000000004
284,0.0029796478726455966,0.0011223169190086074,1.0,0.041552079351830494,0.1491049999999987,41.505532
285,0.002963483433614428,0.0011173976165950548,1.0,0.04136609051466695,0.1462059999999994,41.651738
286,0.0029474550039230553,0.0011127786311684075,1.0,0.040756928714877134,0.14501500000000078,41.796753
287,0.002931570654408634,0.001107725913898669,1.0,0.04195359337864784,0.143853,41.940606
288,0.002915826228021888,0.0011026281478706131,1.0,0.04098361806430265,0.15071499999999816,42.091321
289,0.002900211351501791,0.0010984086654722046,1.0,0.04079330683148243,0.16813299999999742,42.259454
290,0.002884736246848307,0.0010938154753624809,1.0,0.04172586307717914,0.17958800000000252,42.439042
291,0.0028693924687502232,0.0010896613214680336,1.0,0.04109677591477804,0.1749760000000009,42.614018
292,0.002854184963397633,0.0010848575574990969,1.0,0.04081219699471729,0.1494119999999981,42.76343
293,0.0028391046423293584,0.0010805036218342686,1.0,0.04061036630147649,0.15092700000000292,42.914357
294,0.0028241574909858816,0.0010760531480180986,1.0,0.04047752893293919,0.14547599999999505,43.059833
295,0.0028093378622043703,0.0010710271208670906,1.0,0.0404676968397191,0.14603800000000433,43.205871
296,0.0027946353947734008,0.0010666612382929104,1.0,0.04023970055279245,0.15240200000000215,43.358273000000004
297,0.0027800612565382072,0.0010621041716731908,1.0,0.04051306305091746,0.23182199999999398,43.590095
298,0.002765609334748146,0.0010577119442272578,1.0,0.039385545053010576,0.1405110000000036,43.730606
299,0.002751275593225845,0.0010530795567496134,1.0,0.039292148059331254,0.13627300000000275,43.866879000000004
300,0.0027370632353575335,0.001048797813659403,1.0,0.03988209860309088,0.145670999999993,44.01255
301,0.0027229655532559293,0.0010444603728104896,1.0,0.039550474563692824,0.1737720000000067,44.186322000000004
302,0.002708988915247313,0.0010398135293199216,1.0,0.03928512937853016,0.15814099999999343,44.344463
303,0.0026951194788496368,0.001035635895035108,1.0,0.03845885707079578,0.12718000000000274,44.471643
304,0.0026813707095679805,0.0010315488373794498,1.0,0.03963779318647506,0.13261099999999715,44.604254
305,0.002667733493105092,0.0010274431512424347,1.0,0.0388255280306095,0.15038400000000252,44.754638
306,0.0026542080158910705,0.0010233212728369824,1.0,0.03886533218978435,0.15163199999999932,44.90627
307,0.002640794434335426,0.0010192015253035396,1.0,0.038277761040410835,0.1598380000000006,45.066108
308,0.0026274899582692454,0.0010151944738941636,1.0,0.03816474787910133,0.14167400000000185,45.207782
309,0.0026142945418551554,0.0010108138621777833,1.0,0.03745412989715114,0.14135100000000023,45.349133
310,0.002601205674606559,0.0010066571440239406,1.0,0.03848684184450267,0.18525499999999795,45.534388
311,0.0025882175561202166,0.0010028275949002154,1.0,0.037553746179779315,0.16599500000000234,45.700383
312,0.0025753378962387217,0.0009985005175396318,1.0,0.03824110130860762,0.1592899999999986,45.859673
313,0.002562558837694751,0.0009943066422599906,1.0,0.03828811278418648,0.15544500000000028,46.015118
314,0.0025498762182169896,0.000990142467483851,1.0,0.037755825320985856,0.13526199999999733,46.15038
315,0.002537293953893111,0.0009868308221534672,1.0,0.03722886461740306,0.14350600000000213,46.293886
316,0.0025248203719423013,0.0009829811750769989,1.0,0.03697495235358135,0.14520100000000014,46.439087
317,0.0025124456280225323,0.000978899818540227,1.0,0.03669475486455299,0.1376289999999969,46.576716
318,0.002500160420415546,0.0009756955809765809,1.0,0.03699537290751116,0.1422060000000016,46.718922
319,0.002487980347087786,0.0009717565580621915,1.0,0.036422965396362805,0.13832899999999881,46.857251
320,0.002475896885479701,0.0009680405160627207,1.0,0.03651416508663423,0.13187500000000085,46.989126
321,0.002463910818360593,0.0009640895080937172,1.0,0.036462806337887545,0.16113,47.150256
322,0.0024520148802767852,0.0009604667827568651,1.0,0.03685909879601333,0.14049700000000342,47.290753
323,0.0024402130673739707,0.0009562260381701986,1.0,0.03644207288555654,0.13789899999999733,47.428652
324,0.0024285027131279086,0.000952137767476992,1.0,0.03594497188449387,0.1614670000000018,47.590119
325,0.0024168717086793076,0.0009489646177067683,1.0,0.03680331024769405,0.14598000000000155,47.736099
326,0.0024053367658350266,0.0009454047311704937,1.0,0.037026632951332114,0.13454799999999523,47.870647
327,0.0023938857689138207,0.0009419400571240513,1.0,0.03587952952580081,0.12910400000000521,47.999751
328,0.002382529100344337,0.0009379593909270184,1.0,0.03591670665747788,0.1425699999999992,48.142321
329,0.0023712524319355836,0.0009341940559858223,1.0,0.03558775229209008,0.1396219999999957,48.281943
330,0.0023600615347556574,0.0009307527243186257,1.0,0.035810056748149625,0.13739800000000457,48.419341
331,0.00234895928024524,0.0009272087915830542,1.0,0.035053160714880516,0.13832299999999975,48.557664
332,0.0023379387407204415,0.0009236902853902244,1.0,0.03539621633178283,0.15512100000000117,48.712785000000004
333,0.002327000461478491,0.000920147181896773,1.0,0.035825193017195923,0.15845699999999852,48.871242
334,0.002316144829838655,0.0009168005611788873,1.0,0.03563805528089719,0.14862600000000015,49.019868
335,0.0023053700999901795,0.0009133937824688074,1.0,0.03563018366415645,0.1443749999999966,49.164243
336,0.0022946770040380214,0.0009100027315126301,1.0,0.035312125483721986,0.13307100000000105,49.297314
337,0.0022840641319819693,0.0009067775961369959,1.0,0.034770457311714686,0.13744200000000006,49.434756
338,0.0022735303835812446,0.0009032990681479474,1.0,0.03568402079644131,0.14375499999999874,49.578511
339,0.002263076510447215,0.0008997431238751913,1.0,0.035084840699497154,0.14344499999999982,49.721956
340,0.0022526940984803263,0.0008965776766954115,1.0,0.0346723940990307,0.13924200000000297,49.861198
341,0.0022423911630940177,0.0008933651557253031,1.0,0.03542353260044336,0.13982399999999728,50.001022
342,0.0022321623852625144,0.0008902122634354647,1.0,0.03506126437906264,0.13529100000000227,50.136313
343,0.002222014375220445,0.0008869369150836512,1.0,0.03494314196516892,0.1319159999999968,50.268229
344,0.0022119333044507863,0.0008847541922506223,1.0,0.03506368231720912,0.13990000000000435,50.408129
345,0.0022019352697897608,0.0008818870000143096,1.0,0.034441790066475374,0.13467899999999844,50.542808
346,0.002192011928277941,0.0008788328632913033,1.0,0.03488514519796474,0.1538189999999986,50.696627
347,0.00218216092473768,0.0008755066879310431,1.0,0.0345259478882117,0.13785400000000436,50.834481000000004
348,0.0021723806100755385,0.000872037712463625,1.0,0.03386944133511806,0.13250599999999935,50.966987
349,0.0021626697546658093,0.0008691580581978051,1.0,0.034704650022305335,0.14487700000000103,51.111864000000004
350,0.002153021415743205,0.0008667815932574892,1.0,0.033998037496276834,0.13678399999999868,51.248648
351,0.0021434520309702113,0.0008639671717416076,1.0,0.03433252295299113,0.14110799999999557,51.389756
352,0.002133954757314217,0.0008608817557001192,1.0,0.03454410227574638,0.1294240000000002,51.51918
353,0.002124525785622699,0.0008574092251234372,1.0,0.03296730924614234,0.1372830000000036,51.656463
354,0.0021151552256435057,0.0008546949505251297,1.0,0.03421800287454169,0.1386800000000008,51.795143
355,0.0021058573899971136,0.0008516300700129204,1.0,0.03355268044160574,0.1351060000000004,51.930249
356,0.0020966266722419174,0.0008485259060007111,1.0,0.03323871336937598,0.1287710000000004,52.059020000000004
357,0.0020874616724287118,0.0008456002501160169,1.0,0.033579960990723176,0.142520999999995,52.201541
358,0.0020783602823668873,0.0008429017893756201,1.0,0.03307799912195382,0.13629200000000452,52.337833
359,0.0020693238178595957,0.0008396638164494218,1.0,0.03326318885283243,0.14059299999999553,52.478426
360,0.0020603487877611103,0.0008367084405072284,1.0,0.03350033053682031,0.14047400000000465,52.618900000000004
361,0.0020514358844143147,0.0008336153322119932,1.0,0.03217360729484862,0.13365799999999695,52.752558
362,0.002042585056318571,0.0008305957580025646,1.0,0.032655250528513514,0.13854299999999853,52.891101
363,0.002033793672384568,0.0008277130747576418,1.0,0.032626178024951276,0.13364599999999882,53.024747
364,0.0020250629929808657,0.0008247046381752175,1.0,0.03276280762690275,0.16257700000000597,53.187324000000004
365,0.002016392006613626,0.000821806377946752,1.0,0.03269529605990755,0.15127299999999622,53.338597
366,0.0020077803640272496,0.0008190870039147411,1.0,0.03216223860515084,0.15399099999999777,53.492588
367,0.0019992277112752094,0.0008166111338385731,1.0,0.032543088048863265,0.14206100000000532,53.634649
368,0.001990736493695282,0.0008133935168598414,1.0,0.03233783497562598,0.1435600000000008,53.778209000000004
369,0.0019823013838291825,0.0008107754565624907,1.0,0.032663896462779396,0.13846399999999903,53.916673
370,0.001973925093286644,0.0008077288219924865,1.0,0.03216408100564835,0.13404299999999836,54.050716
371,0.0019656014044252736,0.0008049722020639533,1.0,0.03214349094365167,0.13760099999999653,54.188317
372,0.0019573354364203514,0.0008020201671360327,1.0,0.032722917049814476,0.142710000000001,54.331027
373,0.0019491248512053447,0.0007995105985960054,1.0,0.03182469089281804,0.13951500000000294,54.470542
374,0.0019409724493638478,0.0007967963352780588,1.0,0.032315492601200105,0.13038099999999986,54.600923
375,0.0019328732163760326,0.0007942812684088349,1.0,0.0319513703309413,0.14321299999999582,54.744136
376,0.0019248305076307974,0.0007916486019262497,1.0,0.031468934110448495,0.1408130000000014,54.884949
377,0.0019168432560622258,0.000788729412878847,1.0,0.03216987848024283,0.13284600000000069,55.017795
378,0.0019089064906127437,0.0007860748652118921,1.0,0.031630911836674734,0.13969800000000276,55.157493
379,0.001901020928927256,0.000783338786349919,1.0,0.0321900357682779,0.14210800000000035,55.299601
380,0.0018931846401695328,0.0007808174532371528,1.0,0.030754789809552385,0.15109199999999845,55.450693
381,0.0018854008728396527,0.000778399442269836,1.0,0.031070054787961574,0.14386900000000225,55.594562
382,0.0018776666667115844,0.0007760255942770778,1.0,0.03136367579492333,0.14966899999999583,55.744231
383,0.001869986934735642,0.0007732518904173583,1.0,0.03120460898158386,0.1441250000000025,55.888356
384,0.0018623567271632555,0.000770513362686217,1.0,0.031811568091740766,0.1638409999999979,56.052197
385,0.0018547756810330378,0.0007681134474831261,1.0,0.031031911542286503,0.16087399999999974,56.213071
386,0.0018472455999409315,0.0007653020355647081,1.0,0.031132435560859123,0.13767800000000108,56.350749
387,0.001839760473375499,0.0007629440936425254,1.0,0.030768562776441882,0.14364100000000235,56.49439
388,0.0018323277238268525,0.0007605222947922128,1.0,0.030633492424803573,0.16427600000000098,56.658666000000004
389,0.001824943468567897,0.00075807298162444,1.0,0.031129458188170808,0.15652000000000044,56.815186000000004
390,0.0018176046337820245,0.0007556852927451762,1.0,0.030749662626258962,0.14628099999999478,56.961467
391,0.0018103163075303744,0.0007532899298895962,1.0,0.03107275869065142,0.14364499999999936,57.105112
392,0.001803074309713232,0.0007510820663426684,1.0,0.03105303123651115,0.14218699999999984,57.247299
393,0.0017958776882148993,0.00074896997757295,1.0,0.030332550568862596,0.169234000000003,57.416533
394,0.0017887326055746429,0.0007462350239085683,1.0,0.03027227284479673,0.1517029999999977,57.568236
395,0.001781629945383854,0.0007436942082917502,1.0,0.03056075991461839,0.16062099999999901,57.728857
396,0.0017745695779943027,0.0007414530256609616,1.0,0.030941924351791713,0.17247600000000318,57.901333
397,0.0017675582619660402,0.000739042918257021,1.0,0.030321504937885747,0.16772900000000135,58.069062
398,0.0017605897897768647,0.0007367245819651304,1.0,0.030445092682562517,0.18046799999999763,58.24953
399,0.0017536642689063467,0.0007345063211787242,1.0,0.030030033122415575,0.16917000000000115,58.4187
400,0.0017467832223084971,0.0007321161168863264,1.0,0.030246149803933656,0.16298400000000157,58.581684
401,0.0017399454758949885,0.0007299196602839001,1.0,0.030039861772740675,0.15357600000000105,58.735260000000004
402,0.0017331490254822392,0.000727987435775042,1.0,0.029725549860164107,0.15054999999999552,58.88581
403,0.0017264000696525332,0.0007259700943991686,1.0,0.030218424015993835,0.14924200000000098,59.035052
404,0.0017196957944420371,0.0007236206843128792,1.0,0.029489604771550493,0.1563590000000019,59.191411
405,0.0017130313288725304,0.0007216400206227988,1.0,0.029917031995987713,0.15612999999999744,59.347541
406,0.0017064111029149692,0.000719585294819023,1.0,0.029663368022501833,0.1633029999999991,59.510844
407,0.0016998315800392885,0.000717316065681315,1.0,0.029828646668812683,0.15819600000000378,59.66904
408,0.0016932932883576104,0.0007150735998396029,1.0,0.029739718252645996,0.15497399999999573,59.824014
409,0.0016867960499360466,0.0007128555804905694,1.0,0.029463399427215795,0.1671180000000021,59.991132
410,0.0016803381155029939,0.0007106764615242973,1.0,0.029465060199331955,0.18831800000000243,60.17945
411,0.0016739219276309142,0.0007082412806335367,1.0,0.02904145710901502,0.18406299999999476,60.363513
412,0.00166754162379859,0.0007061479624967847,1.0,0.029352119029686558,0.18277600000000405,60.546289
413,0.0016612009175804925,0.0007040158357929091,1.0,0.029578206217080745,0.18569399999999803,60.731983
414,0.0016548980470417378,0.000701620527348007,1.0,0.028778401197050475,0.17647600000000097,60.908459
415,0.0016486335546302695,0.0006995663540920787,1.0,0.028911726552090462,0.15174799999999777,61.060207
416,0.0016424064482299802,0.000697364738016811,1.0,0.028864413918754554,0.20049500000000364,61.260702
417,0.0016362178755348067,0.0006951576468500125,1.0,0.028765719462200013,0.16792499999999677,61.428627
418,0.0016300646425999083,0.0006932897521139642,1.0,0.02878631368131853,0.16363300000000436,61.59226
419,0.0016239502245565935,0.0006912429723403649,1.0,0.029043344860987013,0.16425799999999668,61.756518
420,0.0016178744307330582,0.0006889176736089437,1.0,0.02849017011242847,0.16750600000000304,61.924024
421,0.001611833256869433,0.0006866420452683656,1.0,0.028400354267454783,0.15651400000000137,62.080538000000004
422,0.0016058255429645036,0.0006847856987745839,1.0,0.028619464090315645,0.14703099999999836,62.227569
423,0.0015998563688754434,0.0006828057177668911,1.0,0.02859850363470241,0.25322099999999637,62.48079
424,0.001593923062585845,0.000680636849684418,1.0,0.028401358388894293,0.23341900000000493,62.714209000000004
425,0.001588025307714829,0.0006784857532735801,1.0,0.02858128074062109,0.14826999999999657,62.862479
426,0.001582160091412175,0.0006766013365009468,1.0,0.028328198038645978,0.13795199999999852,63.000431
427,0.001576332035782708,0.0006745051878844473,1.0,0.02822942244102989,0.14131600000000333,63.141747
428,0.001570537283841584,0.0006726222281145117,1.0,0.02876095936928389,0.1374840000000006,63.279231
429,0.001564775811453923,0.0006709745945790874,1.0,0.02863332979961227,0.13574799999999954,63.414979
430,0.0015590511082818907,0.0006690436569926017,1.0,0.028042958659970918,0.17671599999999899,63.591695
431,0.0015533598773128433,0.0006674117756413137,1.0,0.02807815859588092,0.15391400000000033,63.745609
432,0.0015477035215276157,0.0006654931774928898,1.0,0.028244758813567188,0.15647500000000036,63.902084
433,0.001542080467950936,0.0006635412091334303,1.0,0.02812267010232271,0.1850419999999957,64.087126
434,0.0015364895216097856,0.0006616053500610661,1.0,0.027681602930091184,0.15665700000000982,64.24378300000001
435,0.0015309305283299783,0.0006597133180809338,1.0,0.027781592790429972,0.145276999999993,64.38906
436,0.0015254057237565793,0.0006578067204956615,1.0,0.027781198006057852,0.19842800000000693,64.58748800000001
437,0.001519913588273774,0.0006558739245245879,1.0,0.027473013269044402,0.1530519999999882,64.74054
438,0.001514452799080387,0.0006539832323408538,1.0,0.027366596960397296,0.13870400000000416,64.879244
439,0.0015090224671221928,0.0006522883935954808,1.0,0.027556444169055498,0.1348250000000064,65.014069
440,0.0015036258859673724,0.0006502450006615044,1.0,0.027721954321273293,0.15515999999999508,65.169229
441,0.0014982583457185607,0.0006485737291629558,1.0,0.028143712462424895,0.1332919999999973,65.302521
442,0.0014929218470053297,0.0006465801681934484,1.0,0.02750731459270917,0.1424870000000027,65.445008
443,0.0014876154572501371,0.0006452615850020708,1.0,0.027341839075359132,0.14188500000000204,65.586893
444,0.0014823421164016062,0.0006437744952246152,1.0,0.027271217081886227,0.13313599999999326,65.720029
445,0.001477100256195313,0.0006421623631183259,1.0,0.027369612547587713,0.1414270000000073,65.861456
446,0.0014718878852225355,0.0006406510843958192,1.0,0.027179601018388445,0.14651999999999532,66.007976
447,0.001466707563926982,0.0006387590446539123,1.0,0.027581301244933843,0.14496400000000165,66.15294
448,0.0014615559029226173,0.0006367415805044267,1.0,0.02721605739643273,0.14547600000000216,66.298416
449,0.0014564317159284528,0.0006350923651091279,1.0,0.02709086073268176,0.14273099999999772,66.441147
450,0.0014513382246082896,0.0006334415456366856,1.0,0.02699820242058192,0.1357720000000029,66.576919
451,0.001446272421196888,0.0006316542931867563,1.0,0.02662906225975346,0.17255099999999857,66.74947
452,0.001441235750876063,0.0006296941369055827,1.0,0.02718803112087648,0.14260600000000068,66.892076
453,0.0014362257993508194,0.000627865538679914,1.0,0.027195143601584093,0.13675200000000132,67.028828
454,0.0014312447971458954,0.0006260900023098457,1.0,0.026986573480397954,0.1377689999999916,67.166597
455,0.0014262913386044196,0.0006243813194186407,1.0,0.02669132544460976,0.1372440000000097,67.303841
456,0.0014213644748974472,0.0006227745566454694,1.0,0.026629002329540172,0.13681099999999446,67.440652
457,0.0014164662833895329,0.0006208597802017102,1.0,0.02631808284273066,0.1347949999999969,67.575447
458,0.0014115943722341315,0.0006190458588655189,1.0,0.026682281715318806,0.13827799999999968,67.713725
459,0.0014067458926656845,0.0006177000740039587,1.0,0.026775309944555757,0.13646500000000117,67.85019
460,0.0014019267914727478,0.0006162962712681945,1.0,0.026624250953209846,0.13767400000000407,67.987864
461,0.001397136995858493,0.0006144972098283618,1.0,0.026549365602912586,0.13761800000000335,68.125482
462,0.001392372436984458,0.0006128894373149153,1.0,0.02663751075133178,0.14506599999999992,68.270548
463,0.0013876346749624928,0.0006112426478334899,1.0,0.02618041245137509,0.1345799999999997,68.405128
464,0.0013829225817168613,0.000609602819243825,1.0,0.0264450341774502,0.13615399999999056,68.541282
465,0.0013782370652741717,0.0006078849240454484,1.0,0.02682628178507159,0.139166000000003,68.680448
466,0.001373577050977249,0.0006062738602211677,1.0,0.026566414965224168,0.13759100000000046,68.818039
467,0.0013689421732471067,0.0006045824853687675,1.0,0.026251700279513044,0.14025100000000634,68.95829
468,0.0013643326903436778,0.0006028935488759063,1.0,0.026166528444802755,0.14059499999999048,69.098885
469,0.001359746482978993,0.0006014173058851011,1.0,0.026848001462697994,0.1368450000000081,69.23573
470,0.001355187414054643,0.0005995877470233317,1.0,0.02570626944383136,0.13720700000000363,69.37293700000001
471,0.001350651926440199,0.0005979133340014026,1.0,0.02602542892087523,0.13736899999999252,69.510306
472,0.001346140501395287,0.0005962256351891048,1.0,0.026069286133458856,0.14480600000000265,69.655112
473,0.001341652416224885,0.0005945220433958714,1.0,0.026437365519419432,0.14493699999999876,69.800049
474,0.0013371884002371065,0.0005930265991751399,1.0,0.02600293394325884,0.14248600000000522,69.942535
475,0.001332748911133258,0.0005913303748730251,1.0,0.02602395253662619,0.13702699999998913,70.079562
476,0.0013283323377752826,0.0005898429077023457,1.0,0.025921641174287854,0.14803000000000566,70.227592
477,0.0013239396309272634,0.0005881565232301233,1.0,0.026015893231938775,0.14720699999999454,70.374799
478,0.0013195685157009237,0.0005867241850150921,1.0,0.025707768617806395,0.1473710000000068,70.52217
479,0.0013152213210892952,0.0005852550779242893,1.0,0.025482202667205404,0.13710100000000125,70.659271
480,0.0013108983561605076,0.0005837564980338298,1.0,0.026075044248443226,0.14247600000000205,70.801747
481,0.0013065981421435998,0.0005822979619190542,1.0,0.025839842396853885,0.1437389999999965,70.945486
482,0.001302319491150609,0.000581003070792268,1.0,0.02583887892196832,0.14849699999999189,71.093983
483,0.0012980655890027636,0.0005794687088975882,1.0,0.025595754729908302,0.13976000000000965,71.233743
484,0.001293832796965182,0.0005781071160917469,1.0,0.025337465633560867,0.14259899999998993,71.376342
485,0.0012896237358371793,0.0005765807847906371,1.0,0.025425898129220203,0.1383950000000027,71.514737
486,0.001285436284674621,0.0005749876592418073,1.0,0.02545552631295509,0.13718800000000897,71.651925
487,0.0012812707971602692,0.0005735717054115062,1.0,0.025933222984992687,0.1435599999999937,71.795485
488,0.0012771283866387297,0.0005720887490765498,1.0,0.025246585954883414,0.13826099999999997,71.933746
489,0.0012730073288400733,0.000570565457216276,1.0,0.025534948931604025,0.1392890000000051,72.073035
490,0.0012689063501841393,0.0005690557437489589,1.0,0.025198418316685796,0.1429419999999908,72.215977
491,0.0012648266311849083,0.0005675784968452685,1.0,0.025403887752751826,0.13534900000000505,72.351326
492,0.0012607686437917684,0.0005659640975713807,1.0,0.02518355808170458,0.13793599999999628,72.489262
493,0.0012567300442973379,0.000564696803196954,1.0,0.025148097997635174,0.13388700000000142,72.623149
494,0.0012527136278643485,0.0005631378706560447,1.0,0.024984265348842166,0.13702200000000175,72.760171
495,0.0012487167332801445,0.000561979993480345,1.0,0.02484251692947254,0.13361700000000098,72.893788
496,0.0012447418153043361,0.00056063178901179,1.0,0.025502120923785267,0.14209499999999764,73.035883
497,0.0012407866596343135,0.0005594200770465547,1.0,0.025095429784666234,0.13775700000000768,73.17364
498,0.001236853078175125,0.0005581223404487538,1.0,0.024864649450738522,0.13977199999999357,73.313412
499,0.0012329390880309215,0.0005569576931632969,1.0,0.024858129117005728,0.1423690000000022,73.455781
500,0.0012290473891985404,0.0005555166377541478,1.0,0.02486752519213888,0.1363589999999988,73.59214
501,0.0012251745626271763,0.0005541370971849,1.0,0.02489005673983902,0.13655199999999468,73.728692
502,0.0012213218775487587,0.0005527126484118137,1.0,0.024460791777245326,0.13405800000001022,73.86275
503,0.0012174886626226452,0.000551203370484406,1.0,0.0246870019537379,0.13939299999999832,74.002143
504,0.0012136746277279968,0.0005496321938944577,1.0,0.024648530538516265,0.1394239999999911,74.141567
505,0.0012098793208785367,0.000548047568448493,1.0,0.024505952053376863,0.13779300000000205,74.27936
506,0.0012061009232694328,0.0005468286291630493,1.0,0.024674369485691593,0.1477300000000099,74.42709
507,0.001202343083559902,0.0005453926167536483,1.0,0.024619445066222892,0.13703399999999988,74.564124
508,0.0011986042088283609,0.0005440302241450077,1.0,0.02435680101397651,0.13946500000000128,74.70358900000001
509,0.0011948836534215644,0.0005425429731692612,1.0,0.02449962291499974,0.13712799999998992,74.840717
510,0.0011911803772969136,0.0005412081378651432,1.0,0.02434073545812879,0.13636200000000542,74.977079
511,0.0011874965459927054,0.0005398410366425607,1.0,0.02443986154569884,0.136841000000004,75.11392000000001
512,0.001183830447365582,0.0005385021638278498,1.0,0.02404994528746035,0.1477559999999869,75.261676
513,0.0011801828791691159,0.0005371905090304475,1.0,0.024333730380313265,0.1368180000000052,75.398494
514,0.0011765527332254005,0.0005360013184460441,1.0,0.023968978657020745,0.13568600000000686,75.53418
515,0.001172941394229901,0.0005348217405667717,1.0,0.024299580819982635,0.14426399999999262,75.678444
516,0.0011693481750225335,0.0005334976941663875,1.0,0.023894348604981214,0.13748100000000818,75.81592500000001
517,0.0011657732017702393,0.0005322460419373088,1.0,0.023984107877578927,0.14487199999999234,75.960797
518,0.0011622154909271577,0.0005310909835430939,1.0,0.02422383331685702,0.14392700000000502,76.104724
519,0.001158675544856553,0.0005299501167892232,1.0,0.023962695017403154,0.13828300000000127,76.243007
520,0.001155153528268602,0.0005287921489812512,1.0,0.02375211618013605,0.14404799999999796,76.387055
521,0.0011516495102863178,0.0005274964457685519,1.0,0.023905383751163467,0.1426529999999957,76.529708
522,0.0011481633706317317,0.0005261738610667389,1.0,0.023842108639163827,0.15207399999999893,76.681782
523,0.001144693014509179,0.0005248814155904742,1.0,0.02381827244335414,0.1397840000000059,76.821566
524,0.0011412398814479086,0.000523471374699236,1.0,0.023956703036590456,0.1479970000000037,76.96956300000001
525,0.0011378034723964427,0.0005220635519412757,1.0,0.023636326079484953,0.13510899999999992,77.10467200000001
526,0.0011343825428677893,0.000520877105041769,1.0,0.023930643002736805,0.1388719999999921,77.243544
527,0.0011309783221521489,0.0005195789366850765,1.0,0.024023643453219265,0.13770100000000696,77.381245
528,0.0011275910192320535,0.0005181639970407343,1.0,0.023641762211789367,0.1476729999999975,77.528918
529,0.0011242186057183914,0.0005169815807776341,1.0,0.023580029294121847,0.14095499999999106,77.669873
530,0.0011208624998877252,0.0005159021185092839,1.0,0.02380307730566376,0.14148200000001054,77.811355
531,0.0011175228314670262,0.0005146478524514578,1.0,0.023540500403166582,0.13773199999999974,77.949087
532,0.0011141996880850548,0.0005134356599213053,1.0,0.023426320323583123,0.1372479999999996,78.086335
533,0.0011108919762211592,0.000512319801180729,1.0,0.023606573097646882,0.1363709999999969,78.222706
534,0.001107601044566754,0.0005110472241837219,1.0,0.023602150628597284,0.1431220000000053,78.36582800000001
535,0.0011043249687130352,0.0005097492447328623,1.0,0.023637878498069507,0.13780199999999354,78.50363
536,0.0011010636873237977,0.0005085474923030754,1.0,0.023731582219601175,0.13983899999999494,78.643469
537,0.0010978190769363372,0.0005073165519889365,1.0,0.02308064642224273,0.1447600000000051,78.788229
538,0.0010945891330895626,0.0005061579201439131,1.0,0.02344563764592024,0.14277699999999527,78.931006
539,0.001091375100268573,0.0005050679017641202,1.0,0.023093677492435665,0.14855599999999924,79.079562
540,0.0010881764428605307,0.0005037600760957045,1.0,0.023304145768115174,0.1372220000000084,79.216784
541,0.0010849916518261855,0.0005027867025024447,1.0,0.023128848217795483,0.14020200000000216,79.356986
542,0.0010818233857916187,0.0005015119290734479,1.0,0.02308414799297946,0.13866999999999052,79.495656
543,0.0010786694150856184,0.0005003519995553312,1.0,0.02328684822383745,0.14272100000000876,79.638377
544,0.0010755291955298826,0.0004992903066118592,1.0,0.02287613052155539,0.13685499999999706,79.775232
545,0.0010724055328901144,0.0004982231987660403,1.0,0.02279366945306636,0.13854600000000517,79.91377800000001
546,0.0010692965594455142,0.0004971825747422079,1.0,0.022747189503995794,0.13665699999999958,80.05043500000001
547,0.0010662030640017437,0.0004959255975371701,1.0,0.022883224674471014,0.13369299999999384,80.184128
548,0.0010631222162254044,0.0004948495151878155,1.0,0.022902785329595297,0.14202299999999468,80.326151
549,0.0010600565567051743,0.000493802562488948,1.0,0.022788398105163917,0.14547600000000216,80.471627
550,0.0010570045113613168,0.0004926968651606984,1.0,0.022786949274102082,0.13599299999999914,80.60762
551,0.0010539677613217418,0.0004915395425678208,1.0,0.022734396248433184,0.14279500000000667,80.750415
552,0.0010509444340480421,0.0004904088390496344,1.0,0.023033805331710004,0.14042499999999336,80.89084
553,0.0010479347234576,0.0004893841785025638,1.0,0.022202213706949445,0.13581800000000044,81.026658
554,0.001044939429958427,0.0004882462097691757,1.0,0.02273667425166014,0.13889700000000005,81.165555
555,0.001041957730177622,0.00048720603218284353,1.0,0.022584848842046656,0.1381070000000051,81.303662
556,0.001038990277258434,0.0004859630421922409,1.0,0.022553151542405094,0.13581800000000044,81.43948
557,0.0010360357320974714,0.00048495621150770933,1.0,0.022577676846459706,0.1378789999999981,81.577359
558,0.0010330953701806827,0.0004838472529674626,1.0,0.022487717418000132,0.14141600000000665,81.71877500000001
559,0.001030168668446501,0.0004826783600903485,1.0,0.022770950499435744,0.14274699999999996,81.86152200000001
560,0.0010272538357598295,0.00048172852512344457,1.0,0.022074481785173444,0.13566399999999135,81.997186
561,0.001024354191745989,0.00048067076454783454,1.0,0.02257398233208432,0.1448129999999992,82.141999
562,0.0010214669679541092,0.00047957106050762867,1.0,0.022374920531025085,0.13636999999999944,82.278369
563,0.00101859207848305,0.000478628390783548,1.0,0.022419683071148715,0.138181000000003,82.41655
564,0.001015730946994261,0.0004775004419814314,1.0,0.02230895000057155,0.14108400000000643,82.55763400000001
565,0.00101288297911909,0.00047647762921913594,1.0,0.022389549527311287,0.13940999999999804,82.697044
566,0.0010100475421726015,0.00047553593946154216,1.0,0.022443397864066364,0.14197199999999555,82.839016
567,0.0010072260976501778,0.0004743924082768225,1.0,0.022411532938667874,0.13679500000000644,82.97581100000001
568,0.0010044170297041112,0.00047328572354518475,1.0,0.022287464369677868,0.1379699999999957,83.113781
569,0.0010016199805559826,0.0004722985069490126,1.0,0.02206895536081319,0.13852899999999124,83.25231
570,0.0009988360477942203,0.0004712907394723186,1.0,0.02248453024102823,0.14082800000001328,83.39313800000001
571,0.0009960651639834134,0.00047023942504429605,1.0,0.021724349043080494,0.13869799999999088,83.531836
572,0.0009933065413886167,0.00046916828251078506,1.0,0.02183468412401039,0.13626299999999958,83.668099
573,0.0009905597782902287,0.0004681215012468182,1.0,0.02208069755938549,0.1370640000000094,83.80516300000001
574,0.0009878253500608084,0.00046703675960796387,1.0,0.021817078777955703,0.15041899999999941,83.955582
575,0.0009851026496428248,0.00046602315840492045,1.0,0.021473411579213588,0.13456899999999905,84.090151
576,0.0009823921053645614,0.00046504400513072534,1.0,0.02172404134294129,0.1381719999999973,84.228323
577,0.0009796938314479834,0.00046399557304914295,1.0,0.021900596520766365,0.1360700000000037,84.364393
578,0.0009770070982116292,0.00046294212274073667,1.0,0.021972837464103053,0.1387459999999976,84.503139
579,0.0009743324827064365,0.0004617905542935415,1.0,0.021760935104579583,0.13698300000000074,84.640122
580,0.0009716686748738554,0.0004607998678899077,1.0,0.021591829301634457,0.14344199999999319,84.783564
581,0.0009690173177825101,0.00045994849918685706,1.0,0.021455508028968905,0.1407300000000049,84.924294
582,0.000966377973515697,0.0004589258325230187,1.0,0.021290862249235317,0.13625899999999547,85.060553
583,0.0009637496375039993,0.00045802559428026024,1.0,0.02165373376668162,0.13774999999999693,85.198303
584,0.000961132857342504,0.0004571007827439293,1.0,0.0219652869647252,0.13699100000000897,85.335294
585,0.0009585269167990513,0.0004562097069285258,1.0,0.02165396617802397,0.14353699999999492,85.478831
586,0.0009559337531260903,0.0004551872072871032,1.0,0.02156947698263539,0.1416370000000029,85.620468
587,0.0009533520960258772,0.0004539879495030368,1.0,0.021638861143000194,0.14293599999999174,85.763404
588,0.0009507808102332359,0.0004530797419142761,1.0,0.021727267298831027,0.13722000000001344,85.90062400000001
589,0.000948221226867733,0.00045210867027567264,1.0,0.021289329871520137,0.14983999999999753,86.050464
590,0.0009456718595307766,0.00045133897023489055,1.0,0.021194005079228567,0.14052199999999004,86.190986
591,0.0009431342761200073,0.00045045983438331006,1.0,0.021602857005032474,0.141799000000006,86.332785
592,0.00094060880455742,0.00044939573326643304,1.0,0.021529107705359637,0.13815099999999347,86.470936
593,0.0009380933132291326,0.0004484340751835779,1.0,0.021484158762926038,0.1437970000000064,86.614733
594,0.0009355877901095745,0.00044755776801698016,1.0,0.021685478274199574,0.13694300000000226,86.751676
595,0.0009330941058562321,0.0004466763593030139,1.0,0.021271946405671125,0.1372259999999983,86.888902
596,0.0009306113477541757,0.00044564439802037944,1.0,0.02140137954353426,0.13675100000000384,87.025653
597,0.0009281392769474833,0.0004446601528664999,1.0,0.021434830612715516,0.14292199999999866,87.168575
598,0.0009256770421531095,0.000443703321596183,1.0,0.021410629989230635,0.13716800000000262,87.305743
599,0.0009232255231453222,0.00044271344385062174,1.0,0.02151881611451661,0.14105299999999943,87.446796
600,0.0009207840927216664,0.00044176294667931724,1.0,0.021265065144463392,0.1407559999999961,87.587552
601,0.0009183530108436644,0.0004408864291614576,1.0,0.021447945397895563,0.13636800000000449,87.72392
602,0.0009159331392797161,0.00043985613427402996,1.0,0.02125099436676125,0.13868999999999687,87.86261
603,0.000913522775421951,0.00043887182940178593,1.0,0.021132249658901352,0.1378909999999962,88.000501
604,0.0009111216024220447,0.00043810176662755266,1.0,0.02155542204017524,0.14029000000000735,88.14079100000001
605,0.0009087319807533252,0.00043711379961241023,1.0,0.02114190925968571,0.1490829999999903,88.289874
606,0.0009063519714246177,0.00043615700631952314,1.0,0.02149492563604946,0.13798099999999636,88.427855
607,0.0009039817807907839,0.0004352700336427114,1.0,0.021242009729853007,0.1488300000000038,88.576685
608,0.000901621439274376,0.0004343907238475861,1.0,0.021099492464822688,0.14005500000000382,88.71674
609,0.00089927135538258,0.00043347777036817673,1.0,0.02123181782742681,0.14191399999999987,88.858654
610,0.000896930207385579,0.000432573541730552,1.0,0.020839274667395147,0.1397529999999989,88.998407
611,0.00089459922786792,0.0004317187905657032,1.0,0.020865165016759765,0.14111699999999416,89.139524
612,0.0008922775634412742,0.00043099544881406696,1.0,0.021074918546144936,0.13772700000001237,89.277251
613,0.0008899669146740194,0.0004300680219125108,1.0,0.020752053644986102,0.14499899999999855,89.42225
614,0.0008876657952571827,0.00042924302027321,1.0,0.02084366806668548,0.1431559999999905,89.565406
615,0.0008853747141884589,0.00042829208065154516,1.0,0.020953203847830438,0.1388380000000069,89.704244
616,0.0008830928654062805,0.0004274138070306336,1.0,0.02057707287318744,0.13697799999999916,89.841222
617,0.000880819941971744,0.0004265812087825565,1.0,0.020459906879956965,0.13588599999999929,89.977108
618,0.0008785567538851533,0.0004258265722160714,1.0,0.020566717511904656,0.140467000000001,90.117575
619,0.0008763031462141255,0.00042506608847228916,1.0,0.020786401462628844,0.1405160000000052,90.25809100000001
620,0.0008740593495578337,0.0004241932705028583,1.0,0.020951344751986043,0.1467489999999998,90.40484000000001
621,0.0008718245371890452,0.00042341706356055324,1.0,0.02069254089578721,0.1373869999999897,90.542227
622,0.0008695988819925637,0.00042265568282350187,1.0,0.02057814308101002,0.13649300000000153,90.67872
623,0.0008673830134534421,0.0004218828006318615,1.0,0.02065701994438173,0.15151099999999929,90.830231
624,0.0008651763445341252,0.00042103307960624956,1.0,0.02059730655687105,0.13756399999999758,90.967795
625,0.0008629792448715934,0.0004202036151420808,1.0,0.020432412408111184,0.14659800000001155,91.114393
626,0.0008607907161251346,0.0004193551452634471,1.0,0.020562396501164478,0.13777199999999823,91.252165
627,0.0008586111354771007,0.00041856668383408234,1.0,0.020219584919912114,0.13473199999999963,91.386897
628,0.000856441218153717,0.0004176543585903062,1.0,0.020425442122540917,0.13903599999999017,91.525933
629,0.0008542795320393719,0.00041681726213316217,1.0,0.020390478711916914,0.1408580000000086,91.666791
630,0.0008521268663458752,0.00041594019441190607,1.0,0.020342486168608766,0.1393279999999919,91.806119
631,0.0008499820927351491,0.000415195703510256,1.0,0.020587424883729583,0.13560300000000325,91.941722
632,0.0008478463168705582,0.00041433952450121026,1.0,0.020524711844786457,0.14178900000000283,92.083511
633,0.0008457193918212687,0.0004134670482393371,1.0,0.02043863960019944,0.14385099999999795,92.227362
634,0.0008436008058584981,0.00041268769379071885,1.0,0.020270005482563608,0.13900700000000654,92.366369
635,0.0008414907798507509,0.00041197581826267113,1.0,0.020332875573192098,0.1406459999999896,92.507015
636,0.0008393902100009916,0.0004110583397749671,1.0,0.02021217241499174,0.136328000000006,92.643343
637,0.0008372970787358165,0.00041031108868173476,1.0,0.02025111732141348,0.1383909999999986,92.781734
638,0.0008352127948376732,0.00040946478038915673,1.0,0.020313890156871572,0.14120200000000693,92.922936
639,0.0008331367654521139,0.0004086765519200759,1.0,0.019891113292670196,0.14261499999999216,93.065551
640,0.0008310692049855905,0.0004077921783278058,1.0,0.01996377036685508,0.13427199999999573,93.199823
641,0.0008290092739493886,0.0004069994408193678,1.0,0.019902883913263034,0.13895100000000582,93.338774
642,0.000826958138408448,0.0004061368415812098,1.0,0.0200745715375588,0.14012300000000266,93.478897
643,0.0008249151842962201,0.00040525121309658674,1.0,0.02020080048156892,0.14411499999999933,93.623012
644,0.0008228798690800582,0.00040437699471860595,1.0,0.020268840408113584,0.13591800000000376,93.75893
645,0.0008208526561952824,0.00040352347649732015,1.0,0.019823377380890943,0.14085499999998774,93.899785
646,0.0008188330750301824,0.0004027644690264794,1.0,0.0200228418536928,0.1417070000000109,94.041492
647,0.0008168213647439189,0.00040198512399143197,1.0,0.019954525312462803,0.1369409999999931,94.178433
648,0.0008148176720782208,0.00040119332561830564,1.0,0.019730872560111367,0.14017300000000432,94.318606
649,0.0008128220422221578,0.00040046344721927506,1.0,0.01999449987443974,0.14287099999999953,94.461477
650,0.0008108347327553162,0.0003996175391104808,1.0,0.01998499136326223,0.14513399999999876,94.606611
651,0.0008088546964153574,0.0003988676841313427,1.0,0.01990403676848477,0.1379000000000019,94.744511
652,0.0008068823531122495,0.00039807560880019636,1.0,0.019581984414306138,0.1419999999999959,94.886511
653,0.0008049174724834964,0.0003973180080609388,1.0,0.019872448313302243,0.13612399999999525,95.022635
654,0.0008029607631792551,0.0003964553507627941,1.0,0.020051088323926387,0.14926900000000387,95.171904
655,0.0008010117961460771,0.00039564578543976853,1.0,0.019778167162808884,0.1487419999999986,95.320646
656,0.0007990697780637647,0.00039494431402413676,1.0,0.019909904834562082,0.13840300000001093,95.45904900000001
657,0.0007971357645783742,0.00039420554640338734,1.0,0.019680192460668083,0.14147099999999568,95.60052
658,0.000795209273998709,0.00039350670958752286,1.0,0.019769135566584974,0.13671999999999684,95.73724
659,0.000793290672403435,0.0003927498548063638,1.0,0.01946995026883653,0.1365559999999988,95.873796
660,0.0007913786668059579,0.00039212107153140016,1.0,0.01952247640393829,0.13760600000000522,96.011402
661,0.0007894755222575078,0.0003913680372359927,1.0,0.01954393396689939,0.13997399999999516,96.151376
662,0.000787579307033857,0.0003906042716340669,1.0,0.019540812619506787,0.1449309999999997,96.296307
663,0.0007856905245077745,0.0003898689396564498,1.0,0.01932778050406688,0.13999599999999646,96.436303
664,0.0007838092215218487,0.0003890657910907066,1.0,0.01942051188502972,0.1411590000000018,96.577462
665,0.000781934840255569,0.00038826033651340663,1.0,0.019501386712300818,0.1409890000000047,96.718451
666,0.0007800674092154334,0.00038748751816667065,1.0,0.01946280313238528,0.141570999999999,96.860022
667,0.0007782073023740175,0.00038676826642401247,1.0,0.019560047035172636,0.13741500000000428,96.997437
668,0.0007763541159462208,0.000386049494438661,1.0,0.01957689597912832,0.1370730000000009,97.13451
669,0.0007745078251029287,0.00038538508184555537,1.0,0.019385793265091832,0.14036299999999358,97.274873
670,0.000772669197686368,0.00038464854704796635,1.0,0.019124767182011813,0.13641400000000203,97.411287
671,0.0007708371474546681,0.00038392912273466887,1.0,0.019540349100244648,0.1362450000000024,97.547532
672,0.0007690120230019937,0.00038324779448280227,1.0,0.01946893888969223,0.13811199999999246,97.685644
673,0.000767193978305717,0.0003825473205689956,1.0,0.019447028069421755,0.13465700000000425,97.820301
674,0.0007653826285127201,0.0003819286445408102,1.0,0.019589162775802794,0.13669199999999648,97.956993
675,0.0007635782271789062,0.0003812422130158541,1.0,0.019293427227938306,0.14565600000000245,98.102649
676,0.000761781554299335,0.0003805239771805848,1.0,0.019476873884191094,0.13704099999999642,98.23969
677,0.0007599915089822841,0.0003798465956118807,1.0,0.0194242201199632,0.13586899999999957,98.375559
678,0.000758208029448347,0.000379118419154121,1.0,0.019450366358564328,0.13686500000000024,98.512424
679,0.000756431546149507,0.00037836832963284095,1.0,0.01934184397654747,0.14408500000000402,98.656509
680,0.0007546611315378451,0.00037769629874622113,1.0,0.019110777323856635,0.14007100000000605,98.79658
681,0.0007528978368985521,0.0003769679658719383,1.0,0.019072936407369397,0.1426699999999954,98.93925
682,0.0007511413876136899,0.00037623539043239127,1.0,0.01926007589599219,0.13854299999999853,99.077793
683,0.0007493912388787842,0.0003755219792240659,1.0,0.019035294260187484,0.1361220000000003,99.213915
684,0.0007476475915704728,0.00037480798641108113,1.0,0.019187598361926815,0.1367879999999957,99.350703
685,0.0007459104137029487,0.0003740872440158007,1.0,0.018977365565718624,0.13734100000000637,99.488044
686,0.0007441796841438643,0.0003733492536145892,1.0,0.01896410969285375,0.1454119999999932,99.633456
687,0.0007424551699135312,0.0003726411521073655,1.0,0.01917260782403913,0.14530200000000093,99.778758
688,0.0007407374541697714,0.00037192885417797514,1.0,0.019344486327449752,0.13967300000000193,99.918431
689,0.0007390255676117638,0.0003712051638707824,1.0,0.018817619105190614,0.13468199999999797,100.053113
690,0.0007373203566742792,0.00037048478806462373,1.0,0.018810883199073165,0.1377030000000019,100.190816
691,0.0007356215552440682,0.00036980448853120274,1.0,0.018924191515436457,0.1354830000000078,100.326299
692,0.0007339286415476719,0.0003690935277438325,1.0,0.019072973554389694,0.13951799999999537,100.465817
693,0.0007322419499873169,0.00036842893768666303,1.0,0.018856739264596745,0.13747399999999743,100.603291
694,0.0007305618178476109,0.00036772896128629113,1.0,0.01901975887672478,0.13964500000000157,100.742936
695,0.0007288880299912696,0.00036700287072815256,1.0,0.01904489706520437,0.14773499999999729,100.890671
696,0.0007272198805990731,0.00036634337590141865,1.0,0.018851963200605254,0.1401479999999964,101.030819
697,0.0007255576669609892,0.0003657232239569565,1.0,0.01888462382903741,0.1377430000000004,101.168562
698,0.0007239019019465311,0.0003650940551846328,1.0,0.018704134559054685,0.14324600000000487,101.311808
699,0.0007222524160580642,0.0003644666767538276,1.0,0.01919579113101385,0.2014429999999976,101.513251
700,0.0007206090682924212,0.00036377873065534166,1.0,0.019009522766362138,0.17792599999999936,101.691177
701,0.0007189715292282448,0.00036314027281752885,1.0,0.018851288783401404,0.1834220000000073,101.874599
702,0.0007173402274426938,0.0003624054942405947,1.0,0.018686675134824485,0.15298299999999188,102.027582
703,0.0007157149851153063,0.0003616943834304706,1.0,0.01872588051388495,0.14332500000000437,102.170907
704,0.0007140953039148493,0.0003610271812304837,1.0,0.018700804824881533,0.17560799999999688,102.346515
705,0.0007124813526070057,0.0003603531121703834,1.0,0.018964060995387177,0.1581950000000063,102.50471
706,0.0007108732645580091,0.0003597494237844738,1.0,0.018712417407383317,0.14562399999999798,102.650334
707,0.0007092713132689331,0.0003590392537215015,1.0,0.018731067727407208,0.15257800000000543,102.802912
708,0.0007076747941470985,0.00035839596302713087,1.0,0.018437165257350754,0.14751400000000103,102.95042600000001
709,0.0007060837943573745,0.00035779585402936735,1.0,0.018449396317653355,0.14373399999999492,103.09416
710,0.0007044988343693539,0.00035712838572524397,1.0,0.01852309275912307,0.1488030000000009,103.242963
711,0.0007029197675973411,0.0003564403411064185,1.0,0.018488212337793068,0.14606799999999964,103.389031
712,0.0007013457309791431,0.00035586236690847244,1.0,0.018537360457147472,0.14238299999999526,103.531414
713,0.00069977751994501,0.00035528570107844047,1.0,0.018682726481040978,0.14933100000000366,103.680745
714,0.0006982149185081866,0.0003547105005466263,1.0,0.01867247992853096,0.14486300000000085,103.825608
715,0.0006966583631289808,0.00035401549101108835,1.0,0.018433548478953884,0.14391799999999932,103.969526
716,0.0006951071418500338,0.00035341354096363723,1.0,0.018690908875269304,0.15054299999999898,104.120069
717,0.0006935615419552956,0.0003527909015936291,1.0,0.01857599110933643,0.14784600000000125,104.267915
718,0.0006920214360151934,0.0003521684552077094,1.0,0.018462738623435043,0.15441400000000272,104.422329
719,0.000690486868442335,0.00035149294586872814,1.0,0.018743970121138348,0.1506389999999982,104.572968
720,0.0006889578560252054,0.0003508883932532707,1.0,0.018320304018598323,0.16203899999999294,104.735007
721,0.0006874339926199,0.00035030288174358275,1.0,0.018466783071327725,0.14471900000000915,104.879726
722,0.0006859158298495689,0.000349669393613565,1.0,0.01834230187473828,0.14598499999999603,105.025711
723,0.0006844031535446446,0.0003489888360041963,1.0,0.01828854321509101,0.15059599999999307,105.176307
724,0.0006828957257075463,0.00034831632372704077,1.0,0.018376001573979766,0.16010800000000813,105.336415
725,0.0006813934621964731,0.0003476543855896962,1.0,0.018418734482799806,0.163802000000004,105.500217
726,0.0006798961906290342,0.00034705572134206033,1.0,0.018185301187017677,0.1469850000000008,105.64720200000001
727,0.0006784042992210254,0.0003464945788890021,1.0,0.01794226047850294,0.14685499999998797,105.794057
728,0.000676917902831802,0.0003458648624351808,1.0,0.018208842221761393,0.14368100000000084,105.937738
729,0.0006754366612084523,0.00034525380748700744,1.0,0.018154555975892276,0.1574770000000001,106.095215
730,0.0006739605589111252,0.0003447533958152633,1.0,0.018089041380632314,0.15919100000000697,106.254406
731,0.000672489998956853,0.0003441683455487098,1.0,0.018121255728811337,0.1567799999999977,106.411186
732,0.0006710242278905133,0.0003435962562960782,1.0,0.018248969933456795,0.1577050000000071,106.56889100000001
733,0.0006695637134792721,0.00034302710990774483,1.0,0.01814170362218596,0.15318099999998935,106.722072
734,0.0006681089471473392,0.00034242963989833137,1.0,0.017989022208290094,0.1543400000000048,106.876412
735,0.000666659046597724,0.0003418060753448504,1.0,0.017955707451809952,0.14667299999999273,107.023085
736,0.00066521413089407,0.00034121757223363114,1.0,0.01785918483802539,0.15592900000000043,107.179014
737,0.0006637743334126975,0.00034061458250695905,1.0,0.017990218465693326,0.15007200000000864,107.329086
738,0.0006623396308689176,0.0003399840512719884,1.0,0.018096176932110707,0.14705700000000377,107.47614300000001
739,0.0006609095787328798,0.00033940562483971424,1.0,0.017898517447641774,0.1546379999999914,107.630781
740,0.0006594841788150476,0.0003388671738627546,1.0,0.018048837156047295,0.14241499999999974,107.773196
741,0.000658064075985791,0.0003382663657423757,1.0,0.017949766284847218,0.1520009999999985,107.925197
742,0.0006566488958427002,0.0003376848485851149,1.0,0.018060670394312743,0.19583400000000495,108.121031
743,0.0006552386188067346,0.0003370068092995539,1.0,0.017753395505194874,0.14220899999999403,108.26324
744,0.0006538330371506071,0.000336395955942673,1.0,0.017786343128480868,0.14043399999999906,108.403674
745,0.0006524323381664532,0.00033580935084580744,1.0,0.01769878737373412,0.15948200000001123,108.563156
746,0.0006510361458731876,0.0003352377001277389,1.0,0.017771680181350114,0.1421179999999964,108.705274
747,0.0006496452443230594,0.00033464544880505275,1.0,0.017744264180906365,0.1441459999999921,108.84942
748,0.0006482586456691625,0.0003341025620621687,1.0,0.017558575885199667,0.1439230000000009,108.993343
749,0.0006468770366861336,0.00033348805320907257,1.0,0.017826077232312713,0.14153500000000463,109.134878
750,0.0006454999450121103,0.00033289678556665747,1.0,0.017960606301419657,0.1415839999999946,109.276462
751,0.0006441276578479643,0.00033228301203171634,1.0,0.017712087590783694,0.14851600000000076,109.424978
752,0.0006427599171324177,0.000331665326018919,1.0,0.017876878777333825,0.14703099999999836,109.572009
753,0.0006413965533634043,0.0003310923734839798,1.0,0.017660945497371638,0.13825300000000595,109.710262
754,0.0006400380504496006,0.0003304659287931164,1.0,0.017632767262460394,0.1365339999999975,109.846796
755,0.0006386839978262932,0.0003299599585748065,1.0,0.017798450114446602,0.13737700000000075,109.984173
756,0.0006373343948156284,0.00032943076553183245,1.0,0.017819076969645957,0.14060899999999776,110.124782
757,0.0006359894912027533,0.0003288458157237619,1.0,0.017557217637058156,0.14108000000000231,110.265862
758,0.0006346493568036887,0.0003282196248526232,1.0,0.017677275109812814,0.137116000000006,110.402978
759,0.0006333134764360798,0.00032766470469630676,1.0,0.017834430282674597,0.13875199999999666,110.54173
760,0.0006319820425773242,0.0003271200161008395,1.0,0.01766754256354885,0.14449799999999868,110.686228
761,0.0006306548266063934,0.0003266407115333151,1.0,0.017572484617386735,0.13611099999999965,110.822339
762,0.0006293324716543766,0.00032614401738064803,1.0,0.017533871645499077,0.13564499999999668,110.957984
763,0.0006280146676941812,0.00032559954043189486,1.0,0.017598888640243216,0.13883100000001036,111.096815
764,0.0006267017509826153,0.0003250219200337215,1.0,0.017463973285731123,0.14276999999999873,111.239585
765,0.000625392800054713,0.00032451352504373165,1.0,0.01766430428806178,0.13662300000000016,111.376208
766,0.0006240886375555283,0.0003239792234158671,1.0,0.017468477943420945,0.14927099999999882,111.525479
767,0.0006227885701994164,0.0003234023409651286,1.0,0.017424800387565317,0.14561100000000238,111.67109
768,0.0006214929497055961,0.00032284177060704165,1.0,0.01753734527735704,0.13734300000000133,111.80843300000001
769,0.000620201648150497,0.0003223035564265058,1.0,0.01737494152718032,0.15121099999998933,111.959644
770,0.0006189144901590995,0.00032178083354243513,1.0,0.017519074387256264,0.1818839999999966,112.141528
771,0.000617631855069433,0.0003212112726141592,1.0,0.01735615340324667,0.15495100000001116,112.296479
772,0.0006163531732073781,0.0003206792421420962,1.0,0.01739599559588149,0.1581899999999905,112.454669
773,0.0006150790335858004,0.00032014483271699043,1.0,0.01721434597879625,0.14760400000000118,112.602273
774,0.0006138090144256061,0.00031959058010425854,1.0,0.017175566835619733,0.1501400000000075,112.752413
775,0.0006125432467622505,0.0003190158218909708,1.0,0.017482990846160076,0.1592950000000002,112.911708
776,0.000611281122152786,0.00031858164255713756,1.0,0.017371355966778867,0.15731300000000203,113.069021
777,0.0006100236372245427,0.0003180079898106928,1.0,0.01717600548199699,0.15347799999999268,113.222499
778,0.0006087699694722475,0.00031753422574286436,1.0,0.017353744445453075,0.16123299999999574,113.383732
779,0.0006075205662886907,0.00031701001552278087,1.0,0.01736735371842157,0.14270700000000147,113.526439
780,0.000606275463286009,0.0003164951783845459,1.0,0.01744249045017223,0.16446600000000444,113.690905
781,0.0006050344022529005,0.00031594815185755765,1.0,0.017572247965386808,0.15314700000000414,113.844052
782,0.0006037972901771937,0.00031545065049547866,1.0,0.017180611606767596,0.16298199999999952,114.007034
783,0.0006025645446962465,0.0003149105992085832,1.0,0.01712083784924552,0.1454829999999987,114.152517
784,0.0006013356831097907,0.00031436434218760044,1.0,0.017317684405038697,0.167113999999998,114.319631
785,0.0006001104430629934,0.0003138815278381932,1.0,0.01726430383286513,0.17532599999999832,114.494957
786,0.0005988893953332062,0.0003133794372124903,1.0,0.01719194949325711,0.15800099999999873,114.652958
787,0.0005976723485462259,0.00031288724527612865,1.0,0.017167482413308174,0.1531180000000063,114.806076
788,0.0005964594652541959,0.00031235966399376455,1.0,0.01738320924289201,0.1457809999999995,114.951857
789,0.0005952505244913095,0.0003118347451042579,1.0,0.017115222217524585,0.14054099999999892,115.092398
790,0.0005940454221668163,0.0003113248475608334,1.0,0.01724234571342397,0.1473670000000027,115.239765
791,0.0005928441341278623,0.0003107968485612558,1.0,0.016993745003534375,0.14749199999999973,115.387257
792,0.0005916466962746826,0.0003103229900031839,1.0,0.017183870501103208,0.14405699999998944,115.531314
793,0.0005904531658679397,0.00030986943976426444,1.0,0.01722985765929215,0.14621300000000303,115.677527
794,0.0005892638620952776,0.0003094124626469094,1.0,0.017153055511703926,0.13888500000000192,115.816412
795,0.000588078511653748,0.00030889474107799903,1.0,0.01705242022227293,0.14642600000000527,115.962838
796,0.0005868968628970173,0.0003084093296383939,1.0,0.016985497501580543,0.14133099999999388,116.104169
797,0.0005857191196352012,0.00030789064629851385,1.0,0.0169193401688665,0.14136399999999583,116.245533
798,0.0005845449272723886,0.00030742051098816685,1.0,0.01688534851685366,0.14323300000000927,116.388766
799,0.0005833744685307425,0.0003069619200294548,1.0,0.017190465072351332,0.1413209999999907,116.530087
800,0.0005822080410526929,0.0003064480540232481,1.0,0.017036388971698124,0.14960300000001325,116.67969000000001
801,0.0005810451439773528,0.00030597291582774063,1.0,0.01688496550538825,0.1411149999999992,116.82080500000001
802,0.0005798858598198511,0.00030548850358493826,1.0,0.01698864818533218,0.14145599999999092,116.962261
803,0.000578730619142605,0.00030496067857316034,1.0,0.017119144838440688,0.1442169999999976,117.106478
804,0.0005775787476175484,0.0003044691205212043,1.0,0.017060664708583036,0.1438360000000074,117.250314
805,0.0005764309987215606,0.00030399007840603044,1.0,0.016921184320484346,0.14483699999999544,117.395151
806,0.0005752863226585258,0.0003035691959276436,1.0,0.017280739513435554,0.1421890000000019,117.53734
807,0.0005741457586180007,0.000303035599249234,1.0,0.01709057369735997,0.1525089999999949,117.689849
808,0.0005730086019698165,0.0003025674981268617,1.0,0.016890033707922796,0.14586200000000815,117.835711
809,0.0005718749444276725,0.00030208932860758826,1.0,0.016942954978011012,0.1440899999999914,117.979801
810,0.0005707453574136208,0.0003016000716937575,1.0,0.016724623218147248,0.14332600000000184,118.123127
811,0.0005696190343441632,0.00030112733476661015,1.0,0.01683888564942874,0.13824499999999773,118.261372
812,0.0005684963917969412,0.00030064661855038323,1.0,0.016974032207059044,0.13220300000000407,118.393575
813,0.0005673771935037005,0.00030017483640956027,1.0,0.01686260881739647,0.14315500000000725,118.53673
814,0.0005662614365550491,0.0002997731042322394,1.0,0.016691872393670443,0.14449599999998952,118.681226
815,0.0005651496235618513,0.0002993028445929267,1.0,0.016499036143335023,0.14071200000000772,118.821938
816,0.0005640412353134497,0.00029879317439558407,1.0,0.01680788745842692,0.13950900000000388,118.961447
817,0.0005629360961479377,0.0002983441958699974,1.0,0.016860305640569617,0.14355699999998706,119.105004
818,0.0005618347539671224,0.00029782854261407865,1.0,0.01688665103572389,0.14077100000000087,119.245775
819,0.0005607365134966536,0.0002974143248550459,1.0,0.016785451681445542,0.14269000000000176,119.388465
820,0.0005596418981020383,0.0002969702902970342,1.0,0.017011558379960198,0.1418830000000071,119.530348
821,0.0005585506459526604,0.00029653633985465784,1.0,0.016631621402772,0.14100499999999272,119.671353
822,0.0005574628649689619,0.0002961188124612752,1.0,0.016605984057603974,0.14145600000000513,119.812809
823,0.0005563785926003775,0.00029571691431380664,1.0,0.01660628464968557,0.13757400000000075,119.950383
824,0.0005552978865068448,0.00029523257920113826,1.0,0.016669950006149445,0.14113999999999294,120.091523
825,0.0005542204495344534,0.00029474278639059215,1.0,0.016669570227902334,0.1438320000000033,120.235355
826,0.0005531462210732172,0.00029433223673185456,1.0,0.016609397720318202,0.1395559999999989,120.374911
827,0.0005520754669799989,0.00029391070585473435,1.0,0.016663881943377517,0.13896400000000142,120.513875
828,0.0005510084617662692,0.0002934542517103962,1.0,0.016594025731756477,0.1444139999999976,120.658289
829,0.0005499447290754427,0.00029298986632058185,1.0,0.01648049251589046,0.14275899999999808,120.801048
830,0.0005488840081103157,0.0002925239806291799,1.0,0.016537654904164832,0.14175200000001098,120.9428
831,0.000547826481439859,0.00029213344778569647,1.0,0.016517801483700252,0.13763999999999044,121.08044
832,0.0005467724802033521,0.0002917343666683631,1.0,0.016457193253620318,0.13833300000000293,121.218773
833,0.0005457219577316687,0.0002912516774940265,1.0,0.016460155237123797,0.13993899999999826,121.358712
834,0.0005446747472399447,0.0002907817609812765,1.0,0.016401500321932057,0.1359560000000073,121.494668
835,0.0005436305144486503,0.0002903343508712791,1.0,0.01643816160134369,0.13898999999999262,121.633658
836,0.0005425895189543314,0.00028988564145048467,1.0,0.01645452475831869,0.14142000000001076,121.77507800000001
837,0.0005415518592174442,0.00028941722140172604,1.0,0.016317632698636855,0.14207299999999634,121.917151
838,0.0005405172657497419,0.0002889832043635532,1.0,0.016270984982793578,0.13896300000000394,122.05611400000001
839,0.0005394858867675451,0.0002885230348643142,1.0,0.016488130743957743,0.14214599999999677,122.19826
840,0.0005384573102531094,0.00028814689725481144,1.0,0.016394739179003512,0.14315100000000314,122.34141100000001
841,0.0005374322951902269,0.0002876629219929894,1.0,0.016404315854208897,0.13919799999999327,122.480609
842,0.0005364105036968291,0.00028714536734071713,1.0,0.01620800326540426,0.13082900000000564,122.611438
843,0.0005353913575781324,0.00028673717273047485,1.0,0.01625099328175946,0.14593099999999026,122.757369
844,0.0005343752202740017,0.0002863638580449593,1.0,0.016182063989511487,0.14115400000000022,122.898523
845,0.0005333625431086688,0.0002859521980782662,1.0,0.0164678568920509,0.13746299999999678,123.035986
846,0.0005323531635861968,0.00028550425925424054,1.0,0.016445086329487876,0.136950000000013,123.172936
847,0.0005313467104161304,0.0002850634854768332,1.0,0.016491553155347873,0.13930699999998808,123.312243
848,0.0005303433668525909,0.00028459788996795175,1.0,0.0162931257992352,0.14167500000000643,123.453918
849,0.0005293429902973126,0.0002841576439346575,1.0,0.016218167460126012,0.13618599999999503,123.590104
850,0.0005283456159376243,0.0002837460405751073,1.0,0.016187810442114866,0.1400250000000085,123.730129
851,0.0005273511902766507,0.00028328833266501134,1.0,0.016094500992139972,0.14031899999999098,123.870448
852,0.0005263595682458769,0.00028291374072376166,1.0,0.016214997068975112,0.14578600000000108,124.016234
853,0.0005253710575921879,0.00028251277314925963,1.0,0.016137714647748876,0.13463400000000547,124.150868
854,0.0005243856819241141,0.00028205934910341033,1.0,0.016210343444216384,0.13997999999999422,124.290848
855,0.000523403226024556,0.00028162490319138975,1.0,0.01598802223404718,0.13971100000000547,124.430559
856,0.0005224238780184686,0.00028118716094342576,1.0,0.016164482720145243,0.1422850000000011,124.572844
857,0.0005214473166321223,0.00028074493705071294,1.0,0.01617750296291629,0.13673299999999244,124.709577
858,0.0005204737517644535,0.00028028444684046795,1.0,0.016278887403168695,0.1569340000000068,124.866511
859,0.0005195030253363982,0.0002798711758258423,1.0,0.016192348915418812,0.33833699999999567,125.204848
860,0.0005185350519874421,0.0002794446968991599,1.0,0.015985319162045288,0.14730600000000038,125.352154
861,0.0005175700077622275,0.00027901437195387125,1.0,0.015917669214459827,0.1380970000000019,125.490251
862,0.0005166078738787921,0.0002785881837267265,1.0,0.016108764910562186,0.15740399999999966,125.647655
863,0.0005156487217140667,0.0002781671220277494,1.0,0.016145365114888507,0.16132500000000505,125.80898
864,0.0005146923083375997,0.00027776109810210783,1.0,0.016001393198870274,0.14260199999999656,125.951582
865,0.0005137387446116049,0.0002773590438096244,1.0,0.015902971585746394,0.2646739999999994,126.216256
866,0.0005127879289222781,0.00027694003997510384,1.0,0.01606045338666673,0.2433589999999981,126.459615
867,0.0005118399539392429,0.0002764948899323388,1.0,0.01606532658456149,0.1769780000000054,126.636593
868,0.0005108946926308742,0.0002760963647938489,1.0,0.015991150610972327,0.21532599999999036,126.851919
869,0.0005099523896968243,0.000275662501381508,1.0,0.01598396638359017,0.14325500000001057,126.995174
870,0.0005090128677280287,0.00027524531387515967,1.0,0.015720203557649196,0.16260199999999259,127.157776
871,0.0005080760688804331,0.00027483975181212924,1.0,0.01611954126453697,0.161287999999999,127.319064
872,0.0005071420312420192,0.0002744294381302018,1.0,0.015725130925729587,0.1882140000000021,127.507278
873,0.0005062110005891138,0.0002739688443044102,1.0,0.016028817415143663,0.16139200000000642,127.66867
874,0.0005052823757230107,0.00027353224606107505,1.0,0.016011030133539716,0.16014599999999746,127.828816
875,0.0005043562788446177,0.0002731270768946517,1.0,0.016082342112559017,0.1541119999999978,127.982928
876,0.0005034329275721305,0.00027269801945017653,1.0,0.015729409856011668,0.1517470000000003,128.13467500000002
877,0.0005025122933158765,0.0002722596585061938,1.0,0.016049462134243197,0.14318700000001172,128.27786200000003
878,0.00050159432447987,0.00027186272436474065,1.0,0.016145324553080143,0.14625300000000152,128.42411500000003
879,0.0005006791321737567,0.0002714458621594237,1.0,0.015908635317517638,0.1428499999999815,128.566965
880,0.0004997666177570553,0.00027105824968725874,1.0,0.015687738316283485,0.16116999999999848,128.728135
881,0.0004988567283088608,0.00027066350138729294,1.0,0.015860734903223987,0.19883799999999496,128.926973
882,0.0004979496493786773,0.00027026708410201076,1.0,0.01599796589395824,0.15192900000002396,129.07890200000003
883,0.0004970447225077177,0.0002699119745449746,1.0,0.015997265796779313,0.14493199999998296,129.223834
884,0.000496142745273944,0.000269516523715484,1.0,0.01576366093300806,0.13995099999999638,129.363785
885,0.0004952430668478966,0.00026915697097315355,1.0,0.015903508906911796,0.14004400000001738,129.50382900000002
886,0.0004943462352962018,0.0002687787863931162,1.0,0.015790486042935026,0.1348600000000033,129.63868900000003
887,0.0004934521094162341,0.0002684043790620523,1.0,0.0158001384336698,0.1422279999999887,129.78091700000002
888,0.0004925606873119535,0.000267984713039765,1.0,0.01572108979521604,0.13645199999999136,129.917369
889,0.0004916715781256709,0.00026758440114274496,1.0,0.015676317688253893,0.14201900000000478,130.059388
890,0.0004907851466653135,0.00026718619690666923,1.0,0.015849164494895127,0.1414880000000096,130.20087600000002
891,0.0004899010126110851,0.0002668264829397858,1.0,0.015529108041611454,0.13911199999998303,130.339988
892,0.0004890198357150511,0.0002664151047250874,1.0,0.015967594489647675,0.14057999999999993,130.480568
893,0.00048814094126701705,0.00026608414937197105,1.0,0.015893204030085553,0.13820100000000934,130.61876900000001
894,0.00048726491291878555,0.00026566679711331374,1.0,0.015701434241614097,0.14306400000000963,130.76183300000002
895,0.00048639124139347555,0.0002652639664195462,1.0,0.015669197649632143,0.14148899999997866,130.903322
896,0.00048551992483437267,0.0002649144691369674,1.0,0.015718021302004552,0.14226200000001654,131.04558400000002
897,0.00048465132115293785,0.00026455406567610194,1.0,0.015875725175906307,0.14210900000000493,131.18769300000002
898,0.00048378529801369356,0.0002641652352880266,1.0,0.015624179498264182,0.13755999999997925,131.325253
899,0.0004829216804666379,0.0002638297171869531,1.0,0.015708653097601565,0.1376030000000128,131.46285600000002
900,0.0004820606904806785,0.000263444848772979,1.0,0.015533217058705166,0.13986099999999624,131.602717
901,0.000481202165873413,0.0002630617071487797,1.0,0.01571540200748372,0.1384040000000084,131.74112100000002
902,0.000480346016239316,0.00026267071785880674,1.0,0.015443118034337563,0.13891100000000733,131.88003200000003
903,0.00047949231026240955,0.0002623168305208992,1.0,0.015478698770152175,0.13706899999999678,132.01710100000003
904,0.0004786410896169491,0.00026196698525163666,1.0,0.015541411717472092,0.1415219999999806,132.158623
905,0.00047779247484320793,0.0002615634958258604,1.0,0.015687697493666337,0.1433540000000164,132.30197700000002
906,0.00047694598342154303,0.0002612276671788954,1.0,0.015554254335590299,0.16424499999999398,132.46622200000002
907,0.0004761020175966405,0.0002608667105464056,1.0,0.015530238325173867,0.15185999999999922,132.61808200000002
908,0.00047526031354724934,0.0002605180231968809,1.0,0.015602160773770949,0.15526600000001167,132.77334800000003
909,0.0004744212595899077,0.00026014340907215794,1.0,0.01559846904553928,0.14074499999998125,132.914093
910,0.00047358427609519536,0.0002598172704219764,1.0,0.015442219459785276,0.1396129999999971,133.053706
911,0.00047275003466529795,0.00025941669644069916,1.0,0.015588631273581904,0.1423939999999959,133.1961
912,0.0004719179905816093,0.0002590614742207905,1.0,0.015594030424969244,0.1463980000000049,133.342498
913,0.00047108819395935296,0.0002587400493719768,1.0,0.015456866796680629,0.13804300000001035,133.48054100000002
914,0.00047026089012369,0.0002583725982534485,1.0,0.015432304088856381,0.13765300000000025,133.61819400000002
915,0.00046943606218202184,0.00025801302990865197,1.0,0.015514351364519228,0.1353560000000016,133.75355000000002
916,0.00046861373023200935,0.00025761888071384076,1.0,0.015375954066907971,0.14318900000000667,133.89673900000003
917,0.00046779338044665447,0.0002572755726467671,1.0,0.015413752226998163,0.1377339999999947,134.03447300000002
918,0.00046697549491944593,0.0002568951625034168,1.0,0.015587369348488296,0.1447650000000067,134.17923800000003
919,0.0004661599913691258,0.0002564814773043083,1.0,0.015502952319604298,0.14441599999997834,134.323654
920,0.0004653462831357441,0.00025614329802413013,1.0,0.015164857330146076,0.1423510000000192,134.46600500000002
921,0.0004645352105613931,0.0002557639161928636,1.0,0.015262166566881905,0.14056399999998348,134.606569
922,0.00046372637557876635,0.0002554063879280511,1.0,0.015449482341206064,0.13934800000001246,134.74591700000002
923,0.00046291978285565205,0.00025502726097592464,1.0,0.015409692617493644,0.13768299999998135,134.8836
924,0.00046211535190010327,0.0002546327339648581,1.0,0.015339847327219994,0.14092800000000238,135.024528
925,0.00046131301750747624,0.000254297546118241,1.0,0.015342697981789841,0.13574100000002431,135.16026900000003
926,0.00046051305323058656,0.00025392414939386787,1.0,0.01523555257820798,0.14223799999999187,135.30250700000002
927,0.0004597152329211361,0.00025356634635703197,1.0,0.015370894589478924,0.1418390000000045,135.44434600000002
928,0.0004589196829375819,0.00025319917059094937,1.0,0.015145401791498135,0.13807299999999145,135.58241900000002
929,0.00045812626117483333,0.00025282783231305014,1.0,0.015203967017038682,0.14502899999999386,135.727448
930,0.00045733516069845846,0.0002524485708134582,1.0,0.015098394396252766,0.14383499999999572,135.871283
931,0.00045654608431913306,0.0002520866936041358,1.0,0.015281013170768253,0.13833200000001966,136.00961500000003
932,0.0004557589366366141,0.0002517930166103513,1.0,0.015276659399537066,0.14012599999998088,136.149741
933,0.0004549740564070308,0.00025147793169478177,1.0,0.01509939269462642,0.1465260000000228,136.29626700000003
934,0.00045419176053563886,0.0002510945082637992,1.0,0.015064279392219118,0.13870799999997985,136.434975
935,0.00045341158210105104,0.00025071727185157767,1.0,0.015166913619866267,0.15464400000001888,136.58961900000003
936,0.0004526333130599407,0.00025037872817390035,1.0,0.015141464329699546,0.13715199999998617,136.726771
937,0.0004518572278791973,0.0002500490034317524,1.0,0.015280846692394047,0.14808199999998806,136.874853
938,0.0004510834631828607,0.000249697784880166,1.0,0.015080448890172807,0.14810400000001778,137.02295700000002
939,0.00045031162118110504,0.0002493318213004259,1.0,0.01503587410016047,0.15160399999999186,137.174561
940,0.00044954186520561535,0.00024900637731652147,1.0,0.015033937281238289,0.13608600000000592,137.31064700000002
941,0.00044877418635187006,0.0002486874710397326,1.0,0.01491533096745073,0.14028700000000072,137.45093400000002
942,0.00044800896775751406,0.00024831459701438223,1.0,0.01506085586796411,0.1576509999999871,137.608585
943,0.00044724553561709346,0.0002479849699579634,1.0,0.015118152792842746,0.16581999999999653,137.774405
944,0.00044648423211571085,0.0002476485482747555,1.0,0.015047197289302258,0.15348900000000754,137.927894
945,0.0004457250312916334,0.0002472613099488733,1.0,0.014931216700585183,0.14930100000000834,138.07719500000002
946,0.00044496792341785086,0.0002468842685137041,1.0,0.01506751094924093,0.1413430000000062,138.21853800000002
947,0.000444212736609823,0.0002465325404776907,1.0,0.015006782358779742,0.1398979999999881,138.358436
948,0.00044345968780855826,0.00024617810671197037,1.0,0.014928868578974174,0.14145999999999503,138.499896
949,0.0004427084564625143,0.0002458543150655642,1.0,0.015115948134233748,0.14432600000000662,138.644222
950,0.00044195933752626265,0.0002455089454108169,1.0,0.014942810141348177,0.1383000000000152,138.78252200000003
951,0.00044121236143319085,0.00024516276050218824,1.0,0.015144052773900303,0.14284499999999412,138.92536700000002
952,0.00044046744789230007,0.0002448427969319338,1.0,0.015041153767099896,0.1400239999999826,139.065391
953,0.0004397244211369733,0.00024452583877577984,1.0,0.01482583305729144,0.13951400000001968,139.20490500000002
954,0.0004389834170862574,0.00024420628842923,1.0,0.015108464529856347,0.1425079999999923,139.34741300000002
955,0.00043824446323101617,0.00024387043819625669,1.0,0.015034926057320765,0.13616700000000037,139.48358000000002
956,0.00043750752115736136,0.0002435114435715672,1.0,0.015015975643715162,0.14576199999999062,139.629342
957,0.00043677251310449995,0.00024316849044479793,1.0,0.015066473482992096,0.13765599999999267,139.766998
958,0.0004360393133452563,0.00024288738676589457,1.0,0.015007886252004235,0.1408350000000098,139.907833
959,0.0004353083072250129,0.00024253860549822902,1.0,0.014804466017401343,0.14360200000001555,140.05143500000003
960,0.0004345790895169734,0.00024223470901299347,1.0,0.014989094464410229,0.13616799999999785,140.18760300000002
961,0.000433851949133207,0.00024190232748182307,1.0,0.015009344595054772,0.14036899999999264,140.32797200000002
962,0.00043312677968266824,0.00024161676929982954,1.0,0.014861010055081579,0.14263800000000515,140.47061000000002
963,0.0004324037956973307,0.00024127502949587687,1.0,0.014829357769848018,0.14386099999998692,140.614471
964,0.0004316824947683041,0.00024098812468556,1.0,0.01495419083116635,0.16411100000001966,140.77858200000003
965,0.0004309631876851354,0.00024064684402398732,1.0,0.014839961678031189,0.13911499999997545,140.917697
966,0.0004302456980517463,0.0002403324841887684,1.0,0.014801671568790697,0.14193300000002296,141.05963000000003
967,0.0004295299780627579,0.00024005690582006264,1.0,0.014970545610527646,0.1546769999999924,141.21430700000002
968,0.0004288165199127112,0.00023973410119379154,1.0,0.014746516933723525,0.1498279999999852,141.364135
969,0.0004281048378002333,0.00023941023721397124,1.0,0.01485570687156735,0.13705300000000875,141.501188
970,0.00042739499143881656,0.00023907624947579035,1.0,0.01492752916447455,0.1413440000000037,141.64253200000002
971,0.0004266870526800935,0.0002387958350578327,1.0,0.014877317803528975,0.1365199999999902,141.779052
972,0.0004259811078937718,0.00023849059579304294,1.0,0.014793594148860214,0.13591900000000123,141.914971
973,0.00042527699768242565,0.000238196992630865,1.0,0.014768589058210189,0.14142300000000319,142.056394
974,0.0004245749205803275,0.00023786528897714855,1.0,0.014686474964417677,0.13792300000000068,142.194317
975,0.00042387454126964177,0.00023756173877663748,1.0,0.014797132593956945,0.1476030000000037,142.34192000000002
976,0.000423176271116953,0.00023724062755719967,1.0,0.014817214330998984,0.14280400000001237,142.48472400000003
977,0.0004224797144018245,0.0002369422826553651,1.0,0.014909366517508703,0.1378649999999766,142.622589
978,0.00042178497743779983,0.00023660064976663595,1.0,0.014698407665346462,0.14224000000001524,142.76482900000002
979,0.00042109214485053323,0.0002362762781220512,1.0,0.014651187699649302,0.14792900000000486,142.91275800000003
980,0.00042040104687221037,0.00023593996012678388,1.0,0.014910896190069784,0.13598199999998428,143.04874
981,0.0004197115992907935,0.00023562134972789195,1.0,0.014807590215907586,0.14020300000001384,143.18894300000002
982,0.0004190241679423405,0.0002352897512374716,1.0,0.014608453771411995,0.13760999999999513,143.32655300000002
983,0.00041833852875515634,0.00023496533531497285,1.0,0.014726318276949766,0.13975600000000554,143.46630900000002
984,0.00041765461799145597,0.0002345988345986732,1.0,0.014596365604061991,0.13618099999999345,143.60249000000002
985,0.00041697230226791474,0.00023435253725718252,1.0,0.014584058603745427,0.14429400000000214,143.74678400000002
986,0.0004162920177409387,0.00023407008625694716,1.0,0.014491640756845666,0.14003499999998326,143.886819
987,0.0004156133524825292,0.00023380309257371235,1.0,0.01459986509606873,0.14202400000002058,144.02884300000002
988,0.0004149365518238126,0.00023347844167245682,1.0,0.014788128343598128,0.1490389999999877,144.177882
989,0.0004142614743302093,0.00023318040652036721,1.0,0.014493048090785027,0.13999100000000908,144.31787300000002
990,0.0004135883580342525,0.0002328678806432566,1.0,0.014567201221348861,0.14192399999998884,144.459797
991,0.0004129168753949141,0.0002325717413840415,1.0,0.014723960109668624,0.13804400000000783,144.59784100000002
992,0.0004122471511287189,0.00023225605996642922,1.0,0.014711014026952709,0.1385050000000092,144.73634600000003
993,0.00041157919913861274,0.00023194633438080328,1.0,0.014366203523019752,0.13857699999999795,144.87492300000002
994,0.00041091300518502185,0.0002316517170678075,1.0,0.014336656042583641,0.14177999999998292,145.016703
995,0.0004102486037073485,0.00023134199321602866,1.0,0.014425210305922982,0.14343500000001086,145.16013800000002
996,0.0004095858953344712,0.00023099761304625082,1.0,0.01450278728309114,0.1455660000000023,145.30570400000002
997,0.00040892492328427734,0.0002306802288003355,1.0,0.014553951722155,0.1540809999999908,145.459785
998,0.00040826553927561385,0.00023032730136851012,1.0,0.014592368574618219,0.14628799999999842,145.606073
999,0.00040760780599978253,0.00023002800547499992,1.0,0.014532075124600807,0.1445410000000038,145.750614
1000,0.0004069516106727955,0.00022973214583924063,1.0,0.014354851398396054,0.22824900000000525,145.97886300000002
1001,0.0004062972370592343,0.0002293990579488333,1.0,0.01440917296848575,0.19765300000000252,146.17651600000002
1002,0.0004056444300738217,0.00022909529124312306,1.0,0.014511040475682333,0.14821299999999837,146.32472900000002
1003,0.00040499336061467997,0.00022878936111121235,1.0,0.014396245415564507,0.14565699999999993,146.47038600000002
1004,0.0004043438291291296,0.00022851767120540047,1.0,0.01459712584147052,0.13734299999998711,146.607729
1005,0.000403696149211538,0.00022819241787130716,1.0,0.014528368728565864,0.14891099999999824,146.75664
1006,0.00040305009662743637,0.00022790209528625647,1.0,0.014335372711878465,0.14310300000002485,146.89974300000003
1007,0.00040240552034368925,0.00022766224395891744,1.0,0.014370373358852185,0.14150199999997426,147.041245
1008,0.00040176279073120524,0.00022737704990988836,1.0,0.014499209642465757,0.14241499999999974,147.18366
1009,0.00040112162153410847,0.00022712499306947194,1.0,0.01438101863398429,0.1392330000000186,147.32289300000002
1010,0.000400482240614913,0.0002268293963882629,1.0,0.014360001291285321,0.14154600000000528,147.46443900000003
1011,0.000399844350133978,0.00022653410524447784,1.0,0.014317624515002523,0.13634299999998234,147.600782
1012,0.0003992081558914075,0.0002262662293618661,1.0,0.014311597304541243,0.1390350000000069,147.73981700000002
1013,0.0003985736688865881,0.0002259649872593954,1.0,0.014320793693515809,0.13699600000001055,147.87681300000003
1014,0.0003979407103251375,0.00022570411099524605,1.0,0.014384152621576567,0.17014199999999846,148.04695500000003
1015,0.0003973093570024387,0.00022542571311022348,1.0,0.014314748224769983,0.15358499999999253,148.20054000000002
1016,0.000396679620243343,0.00022515139793500647,1.0,0.014252435914844997,0.19164899999998397,148.392189
1017,0.00039605149426989175,0.00022488947284125815,1.0,0.014347844871151485,0.21208200000000943,148.604271
1018,0.0003954251701573903,0.0002245853777048695,1.0,0.014201360660450751,0.16205999999999676,148.766331
1019,0.0003948004029566431,0.00022429676703864025,1.0,0.014358118953178773,0.16013000000000943,148.92646100000002
1020,0.0003941772073287715,0.00022400745932781295,1.0,0.014227111310803607,0.15250199999999836,149.07896300000002
1021,0.0003935555642149552,0.00022370656587110939,1.0,0.014129565342308836,0.14296200000001136,149.22192500000003
1022,0.00039293554724946674,0.0002234012622158225,1.0,0.014258927533210267,0.15989399999998,149.381819
1023,0.0003923168194509293,0.00022315691261412486,1.0,0.014261553543548277,0.19491500000000883,149.57673400000002
1024,0.00039169965964848695,0.00022291246295103325,1.0,0.014208703265560034,0.1652300000000082,149.74196400000002
1025,0.0003910842942562915,0.00022264117427617114,1.0,0.0142398824106785,0.1698549999999841,149.911819
1026,0.00039047041306339384,0.0002223490935810452,1.0,0.014313809877382885,0.16205100000001949,150.07387000000003
1027,0.00038985815015246054,0.00022204077858586026,1.0,0.014080269681359345,0.1643009999999947,150.23817100000002
1028,0.00038924734389999513,0.00022175506618633784,1.0,0.01430313016701778,0.15624199999999178,150.39441300000001
1029,0.0003886381775144013,0.00022144756741294022,1.0,0.014308237068840251,0.17107899999999177,150.565492
1030,0.00038803042778142317,0.00022113652604887395,1.0,0.014259122523163161,0.15683599999999842,150.722328
1031,0.0003874241497649048,0.0002208246272677845,1.0,0.01414538760689931,0.1682350000000099,150.89056300000001
1032,0.0003868193018541227,0.00022053775029964572,1.0,0.014216001885976102,0.16011399999999298,151.050677
1033,0.0003862158391798187,0.00022026695305001515,1.0,0.014210031303701947,0.15015200000001983,151.20082900000003
1034,0.00038561394058080073,0.00022000350337394707,1.0,0.014280069344881217,0.14489299999999616,151.34572200000002
1035,0.00038501373682985665,0.00021972226722995441,1.0,0.01431059656023008,0.14260299999997983,151.488325
1036,0.00038441474656374585,0.0002194549584171842,1.0,0.014284429866980862,0.16204200000001379,151.65036700000002
1037,0.0003838175428782521,0.00021914375631902877,1.0,0.014262440126724204,0.16532699999999068,151.815694
1038,0.00038322163671405534,0.00021884987401949007,1.0,0.01425389034166444,0.15663800000001515,151.97233200000002
1039,0.0003826272574499251,0.00021856700649962503,1.0,0.01418321221958924,0.17179500000000303,152.14412700000003
1040,0.0003820343658742888,0.0002182583562338465,1.0,0.014271834055173203,0.1682209999999884,152.31234800000001
1041,0.00038144276972656565,0.00021801557878709616,1.0,0.014176742380577154,0.16906499999998914,152.481413
1042,0.0003808526946288852,0.0002177896015372619,1.0,0.014190540453834938,0.15366700000001288,152.63508000000002
1043,0.0003802642312675993,0.00021753245984073793,1.0,0.014270066321408363,0.16899399999999787,152.804074
1044,0.0003796772271621949,0.00021728851900462004,1.0,0.014257558912257287,0.18554299999999557,152.989617
1045,0.00037909165719647196,0.00021702620978265256,1.0,0.014353738400772932,0.18364500000001271,153.17326200000002
1046,0.00037850769946830287,0.00021674014436632078,1.0,0.014138558193993487,0.1472440000000006,153.32050600000002
1047,0.0003779251063615948,0.00021646780301662544,1.0,0.014234317889790116,0.1721639999999809,153.49267
1048,0.00037734394648310466,0.0002161826557179243,1.0,0.014240739801472405,0.16566900000000828,153.658339
1049,0.00037676415486546884,0.00021590746907174671,1.0,0.0140855091500533,0.1759800000000098,153.83431900000002
1050,0.0003761857571638194,0.00021565340928417519,1.0,0.014088475967577346,0.14875000000000682,153.98306900000003
1051,0.0003756087373747743,0.00021542150512970495,1.0,0.014161698248056104,0.14748299999999404,154.13055200000002
1052,0.000375033237228797,0.00021516118844656362,1.0,0.013977820679013766,0.14585299999998824,154.276405
1053,0.0003744592812044636,0.0002148717172005821,1.0,0.01407384520885464,0.14578399999999192,154.422189
1054,0.00037388667072876027,0.00021458307438361267,1.0,0.014101217378008634,0.163802000000004,154.585991
1055,0.000373315383430492,0.00021432842341828309,1.0,0.01408743858659443,0.1570040000000006,154.742995
1056,0.00037274541447977305,0.00021408093471170228,1.0,0.01402375752124383,0.1819279999999992,154.924923
1057,0.00037217679268676274,0.0002138244678657931,1.0,0.013928781827376875,0.17899200000002224,155.10391500000003
1058,0.0003716095632532016,0.00021357526284792883,1.0,0.014013673862847869,0.15192099999998732,155.25583600000002
1059,0.00037104380670382667,0.00021331361966337546,1.0,0.014033562960232561,0.1540160000000128,155.40985200000003
1060,0.0003704793184156403,0.0002130685574414919,1.0,0.014011439026939007,0.14247599999998783,155.55232800000002
1061,0.0003699165217821531,0.00021280685788642713,1.0,0.014026206522006495,0.15194999999999936,155.70427800000002
1062,0.00036935504807727613,0.0002125469816688129,1.0,0.013847523700609411,0.1519869999999912,155.856265
1063,0.00036879492129656685,0.00021229543783598837,1.0,0.014004750169527106,0.1439799999999991,156.000245
1064,0.00036823615011677446,0.00021204593243928231,1.0,0.01411580129251564,0.18470800000000054,156.184953
1065,0.00036767866343546257,0.00021181352878646238,1.0,0.014081461686078186,0.1570159999999987,156.341969
1066,0.00036712261072978136,0.00021155651122011822,1.0,0.013863497313419022,0.14545499999999834,156.487424
1067,0.0003665679198826194,0.00021129138346970204,1.0,0.013873135188848156,0.14618200000001025,156.63360600000001
1068,0.00036601469470916325,0.00021104437109250028,1.0,0.013918156595231075,0.15160299999999438,156.785209
1069,0.00036546278053427474,0.00021076412330957528,1.0,0.013990886150236932,0.15269499999999425,156.937904
1070,0.0003649118786698808,0.0002105319212556733,1.0,0.013878123127373318,0.1475900000000081,157.085494
1071,0.00036436255949215824,0.00021026784339103863,1.0,0.013797604404461395,0.15585100000001262,157.24134500000002
1072,0.00036381458244953344,0.00020999554347375798,1.0,0.01402564163379537,0.14763099999998985,157.388976
1073,0.00036326785391810063,0.0002097475100769907,1.0,0.013847877827423236,0.14864399999999023,157.53762
1074,0.00036272251740370674,0.00020947164332880855,1.0,0.013957078773998731,0.15135000000000787,157.68897
1075,0.00036217856039108185,0.00020920662060255478,1.0,0.013801415159883812,0.15709900000001653,157.84606900000003
1076,0.00036163574168300745,0.00020894983860134212,1.0,0.01382591152680568,0.15517899999997553,158.001248
1077,0.0003610942726557491,0.00020870933228062555,1.0,0.013646317387648564,0.15887600000002067,158.16012400000002
1078,0.0003605539919060734,0.00020848663921893933,1.0,0.013688471713750431,0.1592019999999934,158.31932600000002
1079,0.000360015177663972,0.00020818947874489007,1.0,0.013698787078173055,0.15786499999998682,158.477191
1080,0.0003594775680964295,0.00020792404459667714,1.0,0.013724572763047631,0.15753000000000839,158.634721
1081,0.00035894123491586073,0.00020765150989013824,1.0,0.013677427343305135,0.1595739999999921,158.794295
1082,0.0003584061030348697,0.00020737166777575668,1.0,0.013744339503222937,0.17164999999999964,158.965945
1083,0.00035787234789960454,0.00020711289981966351,1.0,0.01369490394303639,0.15495500000000106,159.1209
1084,0.0003573397275008594,0.00020688430544629812,1.0,0.01370300266460679,0.16509500000000799,159.285995
1085,0.00035680839232354145,0.00020663544945083933,1.0,0.013526508439528882,0.16046199999999544,159.446457
1086,0.0003562784386441557,0.00020637538338163583,1.0,0.013575455499346419,0.16298499999999194,159.609442
1087,0.0003557496677688079,0.00020613561648091827,1.0,0.013686885520270099,0.15065300000000548,159.760095
1088,0.00035522208784431313,0.00020588423530646527,1.0,0.013609069055299,0.15051300000001788,159.91060800000002
1089,0.00035469582897238594,0.00020565482936892043,1.0,0.013883145579369423,0.1623909999999853,160.072999
1090,0.0003541707908286069,0.00020541305863186596,1.0,0.01366117563644059,0.14718400000000997,160.22018300000002
1091,0.00035364703690333587,0.00020518608502107712,1.0,0.013744228088341696,0.15525399999998513,160.375437
1092,0.000353124529569386,0.00020491586088812783,1.0,0.013819194615040997,0.15912900000000718,160.534566
1093,0.0003526032790390789,0.00020464701803952077,1.0,0.013670776792106341,0.16329300000001012,160.69785900000002
1094,0.0003520831819863638,0.00020440365604837332,1.0,0.01369624819138294,0.1621319999999855,160.859991
1095,0.0003515643443892214,0.00020416855820232354,1.0,0.013556157537086992,0.15959399999999846,161.019585
1096,0.0003510467836751182,0.00020392607532211684,1.0,0.01363343477832556,0.15551600000000576,161.175101
1097,0.0003505303975615603,0.0002036806924036121,1.0,0.013639322888197032,0.15540200000000937,161.33050300000002
1098,0.0003500152699425457,0.0002034370313124004,1.0,0.013675876145175046,0.15171799999998825,161.482221
1099,0.00034950126642912827,0.0002032056761002867,1.0,0.013559066722306353,0.14894599999999514,161.631167
1100,0.0003489883885476016,0.00020297925285011763,1.0,0.01359739928257202,0.1521020000000135,161.78326900000002
1101,0.0003484767915973084,0.00020275064736118587,1.0,0.013611222451950558,0.16225800000000845,161.94552700000003
1102,0.0003479663050823683,0.00020252017105533616,1.0,0.013571381178334683,0.15055799999998953,162.09608500000002
1103,0.00034745715745514334,0.00020228213162279908,1.0,0.013656301487348095,0.15039999999999054,162.246485
1104,0.00034694920087072445,0.00020204913610469318,1.0,0.013675170535539358,0.1587780000000123,162.40526300000002
1105,0.0003464424103609752,0.00020183959417985082,1.0,0.013544999969395802,0.1543879999999831,162.559651
1106,0.00034593693385981855,0.0002016033795726675,1.0,0.01365934053836866,0.1511560000000145,162.71080700000002
1107,0.0003454325811432703,0.00020138058951849947,1.0,0.013726832812124376,0.1466959999999915,162.857503
1108,0.000344929475583471,0.00020114762200467516,1.0,0.013480794164893731,0.15167500000001155,163.00917800000002
1109,0.0003444274571317994,0.00020090856719140002,1.0,0.013618924206970558,0.1390829999999994,163.14826100000002
1110,0.0003439264846844634,0.00020069644068946766,1.0,0.013533711559147643,0.13688600000000406,163.28514700000002
1111,0.0003434269034445394,0.0002004626251303772,1.0,0.013533229494362208,0.15341799999998784,163.438565
1112,0.00034292840522488245,0.00020023353001403425,1.0,0.013450758726413735,0.14867399999999975,163.587239
1113,0.00034243108743955584,0.0002000195872760001,1.0,0.013394736913950527,0.14499399999999696,163.732233
1114,0.0003419349485097697,0.00019978575753525088,1.0,0.013445397060753898,0.14869600000000105,163.880929
1115,0.0003414400546360783,0.0001995373257322872,1.0,0.013283920763251234,0.1372090000000128,164.01813800000002
1116,0.00034094622775570667,0.00019931266997217772,1.0,0.01334035994247023,0.14604900000000498,164.16418700000003
1117,0.00034045361291365153,0.00019907461544316438,1.0,0.013490153331606004,0.14831399999999917,164.31250100000003
1118,0.0003399621842464093,0.00019880538807618916,1.0,0.013583350907645121,0.14335299999999052,164.45585400000002
1119,0.00033947178303328794,0.00019856700148504556,1.0,0.013470585311899373,0.15093799999999646,164.606792
1120,0.00033898255041368163,0.00019833907195731748,1.0,0.013268850246418227,0.14578399999999192,164.752576
1121,0.00033849444395259696,0.00019811875102570032,1.0,0.01343914577253228,0.14915899999999738,164.901735
1122,0.0003380074743666736,0.0001978874477056968,1.0,0.01329610692559651,0.14274500000001922,165.04448000000002
1123,0.00033752156724474144,0.00019767797770331395,1.0,0.013362597151103038,0.15512899999998808,165.199609
1124,0.00033703674482256986,0.00019749997555597315,1.0,0.013329435107916017,0.14677700000001437,165.34638600000002
1125,0.00033655325720458035,0.00019725537709747794,1.0,0.0133035038756092,0.15330099999999902,165.49968700000002
1126,0.0003360707985217984,0.00019702366415231564,1.0,0.01321338046423107,0.15027799999998592,165.649965
1127,0.00033558943343325713,0.00019678871035491715,1.0,0.01317046418029745,0.1446730000000116,165.79463800000002
1128,0.0003351090988628847,0.00019658002185027687,1.0,0.013487466594564648,0.14492099999998231,165.939559
1129,0.00033463006427702775,0.00019633465271976197,1.0,0.013400753727990468,0.14882400000001894,166.08838300000002
1130,0.0003341520130397965,0.00019610194152482177,1.0,0.01321335615913707,0.14865599999998835,166.237039
1131,0.00033367499285270506,0.00019588745600561348,1.0,0.0132152486793161,0.15220500000000925,166.38924400000002
1132,0.00033319912091173956,0.00019564212828985836,1.0,0.013219680999434559,0.1499379999999917,166.539182
1133,0.00033272424314435996,0.00019545862125390555,1.0,0.013176326186226548,0.1427810000000136,166.68196300000002
1134,0.000332250562405382,0.0001952418197407557,1.0,0.013272237473533177,0.14920699999998988,166.83117000000001
1135,0.0003317780993324856,0.0001949847759601697,1.0,0.013063600697383156,0.14983200000000352,166.98100200000002
1136,0.00033130644275016413,0.0001947915511704861,1.0,0.013270734215083756,0.15829800000000205,167.13930000000002
1137,0.0003308361062272325,0.0001945533570737575,1.0,0.013223124144310833,0.1544460000000072,167.29374600000003
1138,0.00033036671058223066,0.00019432275487585578,1.0,0.013147419132603507,0.1536209999999869,167.447367
1139,0.00032989847185109164,0.0001940801751435794,1.0,0.013125205888733685,0.147625000000005,167.59499200000002
1140,0.0003294310746227068,0.00019387457781787622,1.0,0.013235138329283594,0.14860799999999585,167.74360000000001
1141,0.0003289648337314561,0.00019364749007561274,1.0,0.013183857690163694,0.15036900000001197,167.89396900000003
1142,0.00032849965174083177,0.00019342858820492465,1.0,0.013127469163884147,0.14599799999999163,168.03996700000002
1143,0.0003280355189700944,0.00019321229028460831,1.0,0.013128762977832694,0.1470860000000016,168.18705300000002
1144,0.00032757245434903175,0.00019298768156850532,1.0,0.013181582145653827,0.1473529999999812,168.334406
1145,0.0003271104499484382,0.00019276929473909085,1.0,0.013042668920705715,0.1502450000000124,168.484651
1146,0.00032664954453603896,0.0001925386628447555,1.0,0.013148108014837248,0.1465910000000008,168.63124200000001
1147,0.0003261895098953024,0.00019232245543026642,1.0,0.013142471389639874,0.14611999999999625,168.777362
1148,0.00032573056925246774,0.00019212174563772982,1.0,0.012985418484692625,0.16526200000001268,168.94262400000002
1149,0.0003252727391481884,0.000191895719200877,1.0,0.013311117557820667,0.15676099999998883,169.099385
1150,0.00032481599571332093,0.0001916869016105082,1.0,0.013145839534904013,0.14862600000000725,169.24801100000002
1151,0.00032436022881076395,0.0001914547143992413,1.0,0.012914623690631193,0.15071599999998853,169.398727
1152,0.00032390548103677696,0.00019125637911980077,1.0,0.012946865925220931,0.14806600000000003,169.546793
1153,0.0003234517931647646,0.0001910580329217678,1.0,0.013042780123456926,0.1563910000000135,169.70318400000002
1154,0.00032299902695967465,0.00019085813817452864,1.0,0.012961920199390714,0.1565949999999816,169.859779
1155,0.00032254747205851366,0.00019062638243503947,1.0,0.012984395178959654,0.15069400000001565,170.01047300000002
1156,0.0003220968052444745,0.0001904060374916191,1.0,0.012996038966184153,0.14554599999999596,170.15601900000001
1157,0.00032164723720614263,0.00019015616901534054,1.0,0.012959044200502381,0.16277099999999223,170.31879
1158,0.00032119862084007496,0.00018994040138193484,1.0,0.01298399591276771,0.15133000000000152,170.47012
1159,0.00032075090821007666,0.00018973906043548403,1.0,0.012934190185279524,0.15247100000001979,170.62259100000003
1160,0.00032030422497917314,0.00018951227955818918,1.0,0.013043155436495585,0.152670999999998,170.77526200000003
1161,0.00031985860662180597,0.0001893096446205259,1.0,0.013066528012108582,0.1465949999999907,170.92185700000002
1162,0.000319413843250176,0.0001891074675970157,1.0,0.01310708665317797,0.15136100000000852,171.07321800000003
1163,0.0003189701818156527,0.00018889307147393968,1.0,0.013041296235891226,0.15345299999998474,171.226671
1164,0.00031852746262615465,0.00018865236617339243,1.0,0.012970129339565853,0.14947100000000546,171.37614200000002
1165,0.0003180857070233817,0.00018843424848899638,1.0,0.012928665072331504,0.15032600000000684,171.52646800000002
1166,0.000317644893377066,0.00018821683497056632,1.0,0.012997981826816938,0.14114799999998695,171.667616
1167,0.0003172050670755153,0.00018803017259310468,1.0,0.012920170819944215,0.14767399999999498,171.81529
1168,0.0003167662592361334,0.00018779561337961255,1.0,0.012906089178546389,0.14705500000002303,171.96234500000003
1169,0.00031632839149322,0.00018758599743898868,1.0,0.013066645351084203,0.1508139999999969,172.11315900000002
1170,0.00031589140113555305,0.00018738514591789426,1.0,0.012984820259950538,0.1542129999999986,172.26737200000002
1171,0.0003154554939134626,0.00018716824149888812,1.0,0.012892346190084805,0.1587030000000027,172.42607500000003
1172,0.00031502057335627874,0.00018695513578865957,1.0,0.013022497941166371,0.168754999999976,172.59483
1173,0.00031458655388719446,0.00018673733843684747,1.0,0.013033115506515284,0.15785900000000197,172.752689
1174,0.0003141534173830982,0.00018654491598732174,1.0,0.013014833515390532,0.1668690000000197,172.91955800000002
1175,0.00031372130730523946,0.00018633600197068663,1.0,0.013060672055809058,0.14416299999999183,173.06372100000002
1176,0.0003132901078412601,0.00018613274144385015,1.0,0.012927837646998518,0.15565300000000093,173.21937400000002
1177,0.0003128598147700654,0.00018592597768832492,1.0,0.013163785001589958,0.1573139999999853,173.376688
1178,0.00031243049209616404,0.00018571395008958185,1.0,0.012982654196335675,0.15907300000000646,173.535761
1179,0.0003120020132779841,0.0001855277809967771,1.0,0.013031673200875237,0.15799499999999966,173.693756
1180,0.0003115746274146001,0.00018533815231487833,1.0,0.012941440314741823,0.15706099999999878,173.850817
1181,0.00031114813149108074,0.00018514600122143305,1.0,0.01286965431447907,0.16256500000000074,174.013382
1182,0.00031072258295934674,0.0001849666605676158,1.0,0.012961489204499974,0.15731700000000615,174.170699
1183,0.0003102980049675631,0.00018477981876808573,1.0,0.012975664010745066,0.151945000000012,174.32264400000003
1184,0.0003098744082909255,0.00018456938184269685,1.0,0.012990788152373799,0.15644199999999842,174.47908600000002
1185,0.00030945171812844134,0.000184402310905407,1.0,0.01296181979837263,0.16414000000000328,174.64322600000003
1186,0.0003090300552245102,0.00018420466388076068,1.0,0.012959627547965459,0.1637580000000014,174.80698400000003
1187,0.00030860929657618613,0.0001839708163916299,1.0,0.012872824800254952,0.15204599999998436,174.95903
1188,0.0003081894878737686,0.00018375302185459356,1.0,0.012947785795655035,0.16646700000001147,175.12549700000002
1189,0.0003077704658636244,0.00018354720880933793,1.0,0.012909086083258666,0.16398899999998662,175.289486
1190,0.0003073523430608268,0.00018334373705365708,1.0,0.01288707371058294,0.15668500000001018,175.44617100000002
1191,0.0003069351613777089,0.0001831687795360959,1.0,0.01289271082284457,0.15175700000000347,175.59792800000002
1192,0.00030651894869794007,0.0001829802072228308,1.0,0.012957793239406087,0.16423199999999838,175.76216000000002
1193,0.0003061037017284802,0.00018277630148727094,1.0,0.013137503007746697,0.17103199999999674,175.93319200000002
1194,0.00030568917121455755,0.0001826036299540946,1.0,0.013027826122778781,0.1619399999999871,176.095132
1195,0.0003052757029378733,0.0001824177936693951,1.0,0.012938434645884194,0.16405400000002146,176.25918600000003
1196,0.0003048631759999483,0.00018222090581460486,1.0,0.012938808615621756,0.16718799999998168,176.426374
1197,0.0003044515722044966,0.00018201271124700886,1.0,0.012991506946634621,0.15221800000000485,176.57859200000001
1198,0.00030404069664209264,0.00018184582605365558,1.0,0.012816331583139282,0.16783899999998653,176.746431
1199,0.00030363078298513814,0.000181672275490426,1.0,0.012946871178052,0.16444500000000062,176.910876
1200,0.00030322188173609023,0.0001814467150431695,1.0,0.01281465948023191,0.1570960000000241,177.06797200000003
1201,0.00030281379405093024,0.00018123174050573587,1.0,0.01290626727530733,0.1675469999999848,177.235519
1202,0.0003024065526029345,0.00018103593983734295,1.0,0.012845401079038369,0.1533239999999978,177.388843
1203,0.00030200019151328485,0.0001808192757031125,1.0,0.012864175825420035,0.16657700000001796,177.55542000000003
1204,0.00030159466317817375,0.00018061875933219213,1.0,0.012769446381996041,0.1620789999999772,177.717499
1205,0.00030119006955013215,0.00018040137711907112,1.0,0.012962937080909486,0.164652000000018,177.88215100000002
1206,0.00030078626047293553,0.00018020323901275456,1.0,0.012926480181120572,0.17485199999998713,178.057003
1207,0.0003003833253919337,0.00018001352943122667,1.0,0.012980084605996258,0.16426500000000033,178.221268
1208,0.00029998119860038695,0.00017982516924066556,1.0,0.012937689726738127,0.15319600000000833,178.37446400000002
1209,0.0002995799417160432,0.00017962898546634084,1.0,0.012713371684566549,0.14854099999999448,178.523005
1210,0.0002991796461666511,0.0001794264076562398,1.0,0.012667997917036378,0.1593960000000152,178.68240100000003
1211,0.0002987801571908907,0.0001792262078760943,1.0,0.012702113561414327,0.16823999999999728,178.85064100000002
1212,0.0002983815277432349,0.00017904215170931568,1.0,0.012722908344568965,0.1607970000000023,179.01143800000003
1213,0.00029798377256533536,0.00017883406503553208,1.0,0.012691784073162567,0.16355799999999476,179.17499600000002
1214,0.0002975868694054838,0.0001786248965322483,1.0,0.012814289973939028,0.15565300000000093,179.33064900000002
1215,0.00029719073747620155,0.00017843929557330866,1.0,0.012651812924794148,0.16696999999999207,179.49761900000001
1216,0.00029679555230658304,0.0001782172284179983,1.0,0.012833450791943337,0.16651200000001154,179.66413100000003
1217,0.0002964011526393925,0.00017800090584370556,1.0,0.012731275300651388,0.16163999999997714,179.825771
1218,0.00029600738319950906,0.00017783621249557586,1.0,0.012772730872439035,0.168200000000013,179.99397100000002
1219,0.0002956145300920223,0.0001776488765730314,1.0,0.012789282381343615,0.16380300000000148,180.15777400000002
1220,0.0002952225326756314,0.00017747824157287337,1.0,0.012659882131613094,0.16138300000000072,180.31915700000002
1221,0.00029483145265257553,0.00017728265744339832,1.0,0.012678989333176514,0.16403199999999174,180.483189
1222,0.00029444116191681117,0.00017708971902454215,1.0,0.01278910573035259,0.1684240000000159,180.65161300000003
1223,0.0002940517605760808,0.00017687876226322536,1.0,0.012698261921970521,0.16809099999997557,180.819704
1224,0.00029366304855507375,0.0001766975027823876,1.0,0.012693841100183451,0.16759300000001076,180.987297
1225,0.00029327521851642036,0.00017651521572783428,1.0,0.012676238138423676,0.15944700000000012,181.146744
1226,0.0002928881433654522,0.00017632976697405832,1.0,0.012674169571460213,0.15760099999999966,181.304345
1227,0.0002925019307611234,0.0001761498325851405,1.0,0.012719297075374376,0.16063700000000836,181.46498200000002
1228,0.0002921166042055978,0.00017593051696238775,1.0,0.012663871550982884,0.16281699999998978,181.627799
1229,0.00029173194333471036,0.00017576206879951365,1.0,0.012726519922165436,0.16443499999999744,181.792234
1230,0.0002913481118086438,0.00017557576925617,1.0,0.012511726261518117,0.15708000000000766,181.94931400000002
1231,0.0002909651238031248,0.0001753993214910793,1.0,0.012612940137583182,0.1606999999999914,182.110014
1232,0.0002905829767340392,0.00017522621332095772,1.0,0.012736469975172958,0.17091400000001045,182.28092800000002
1233,0.0002902016260933423,0.00017504766936143936,1.0,0.012769770338406114,0.15773799999999483,182.438666
1234,0.000289821135896509,0.00017486760084974972,1.0,0.012709082301652894,0.16393999999999664,182.602606
1235,0.0002894415207812714,0.000174662970434731,1.0,0.012553047677511212,0.16287199999999302,182.765478
1236,0.00028906259258183764,0.0001744850611692494,1.0,0.012555957670417799,0.16345900000001734,182.92893700000002
1237,0.0002886845368576473,0.00017428778698731922,1.0,0.012624690133469953,0.1662990000000093,183.09523600000003
1238,0.00028830717105125445,0.00017410731575511648,1.0,0.01260017636145426,0.18244599999999878,183.27768200000003
1239,0.0002879305982497077,0.00017392637720797105,1.0,0.012621302909507007,0.16103199999997742,183.438714
1240,0.00028755484107202255,0.00017373265635650732,1.0,0.012568618907115029,0.1580680000000143,183.59678200000002
1241,0.00028717986223776457,0.00017355426459485652,1.0,0.012556357352486995,0.1585749999999848,183.755357
1242,0.00028680567065420047,0.0001733563971820602,1.0,0.01265361141285544,0.17388000000002535,183.92923700000003
1243,0.00028643224841457264,0.00017317744355458575,1.0,0.012496440800138335,0.1749929999999722,184.10423
1244,0.0002860596430975724,0.00017299565617215194,1.0,0.01258236978298709,0.16998100000000704,184.274211
1245,0.00028568779099065266,0.00017281160111116107,1.0,0.012499351716439974,0.15833000000000652,184.43254100000001
1246,0.00028531674247559574,0.00017262961690929274,1.0,0.01243401475797797,0.16102200000000266,184.59356300000002
1247,0.0002849464140238548,0.00017244838661073858,1.0,0.01253910541694233,0.15437800000000834,184.74794100000003
1248,0.0002845768275496857,0.0001722858549884386,1.0,0.01258145132989802,0.16730699999999388,184.91524800000002
1249,0.0002842081062730072,0.000172101302027192,1.0,0.012525864674540352,0.15830599999998185,185.073554
1250,0.00028384012899830644,0.00017192196886874476,1.0,0.0125637143937036,0.165300000000002,185.238854
1251,0.0002834728215966827,0.00017177502603914592,1.0,0.012550948529905851,0.16296500000001402,185.40181900000002
1252,0.0002831063551305941,0.00017158838864153415,1.0,0.012533684505655037,0.1521940000000086,185.55401300000003
1253,0.0002827406703201577,0.00017140139217292934,1.0,0.01255238003021533,0.14575700000000325,185.69977000000003
1254,0.0002823757215716355,0.0001712138721789946,1.0,0.012545433302390947,0.20607999999998583,185.90585000000002
1255,0.0002820116062827931,0.00017101713140658424,1.0,0.012501062967863397,0.3155370000000062,186.22138700000002
1256,0.00028164815168817847,0.00017084268958154336,1.0,0.012492813436634801,0.20175299999999652,186.42314000000002
1257,0.0002812854820873808,0.00017066381077559067,1.0,0.012580961281293247,0.18332999999998378,186.60647
1258,0.00028092348535093206,0.00017049359906778753,1.0,0.012400503599548791,0.1727860000000021,186.779256
1259,0.00028056233038149125,0.00017030585623545763,1.0,0.012430209265323604,0.1656810000000064,186.944937
1260,0.0002802018531486824,0.0001701358929151055,1.0,0.01242038755587008,0.16613000000000966,187.11106700000002
1261,0.00027984208087004035,0.000169981219883712,1.0,0.012482440812371503,0.1600039999999865,187.271071
1262,0.0002794832179476274,0.00016981013326976933,1.0,0.01239482073837286,0.16219300000000203,187.433264
1263,0.00027912506903547186,0.00016963052362403585,1.0,0.012397553101707717,0.1540990000000022,187.587363
1264,0.0002787675870770201,0.00016945338422313537,1.0,0.012391665426757716,0.15824100000000385,187.74560400000001
1265,0.00027841079580551294,0.00016927690529794986,1.0,0.012449335609263684,0.15990700000000402,187.90551100000002
1266,0.00027805474476229737,0.0001691078096580382,1.0,0.012403888987385533,0.16182399999999575,188.067335
1267,0.0002776994741199573,0.0001689416885984028,1.0,0.012333552344874725,0.15945400000001086,188.22678900000002
1268,0.0002773449281216751,0.00016878155359128009,1.0,0.012401125894280702,0.1887270000000001,188.41551600000003
1269,0.0002769911357912279,0.00016862042651244976,1.0,0.01242226105244991,0.15506399999998166,188.57058
1270,0.00027663800248056393,0.0001684690586879841,1.0,0.012337054635260303,0.16193400000000224,188.732514
1271,0.0002762857136237297,0.00016828557579111298,1.0,0.012382101592684413,0.16149200000000974,188.89400600000002
1272,0.00027593415144717417,0.00016810383924919454,1.0,0.012430598314841782,0.16328099999998358,189.057287
1273,0.00027558323542229405,0.00016793322429118368,1.0,0.012353205426734425,0.16115500000000793,189.218442
1274,0.00027523294184705736,0.0001677820202238597,1.0,0.012202841494699832,0.15521000000001095,189.37365200000002
1275,0.00027488350129506076,0.00016759722365551627,1.0,0.012324522156336474,0.15878100000000472,189.53243300000003
1276,0.00027453467657798135,0.00016744164294997112,1.0,0.012249124756994764,0.16000099999999406,189.69243400000002
1277,0.00027418661766851615,0.00016728700806268673,1.0,0.012244867305898967,0.16572299999998563,189.858157
1278,0.00027383934564947785,0.00016712579680761865,1.0,0.012280235931185152,0.16929900000002363,190.02745600000003
1279,0.00027349270452920105,0.00016694376416189388,1.0,0.01218029542954817,0.16256899999999064,190.19002500000002
1280,0.0002731467377285822,0.00016678020961473627,1.0,0.012351719524470534,0.16186700000000087,190.35189200000002
1281,0.00027280148064852427,0.0001666108603322493,1.0,0.012267544253548332,0.16035700000000475,190.51224900000003
1282,0.00027245695137175863,0.0001664395340176414,1.0,0.01228773504854128,0.15414499999999975,190.66639400000003
1283,0.0002721132120335443,0.00016625767347347396,1.0,0.012284177896547356,0.15142399999999157,190.81781800000002
1284,0.0002717700822205646,0.00016609038652427787,1.0,0.012235580175793551,0.15832699999998567,190.976145
1285,0.00027142767179586983,0.00016592637868824412,1.0,0.012206880724054226,0.15830800000000522,191.134453
1286,0.0002710859282330672,0.00016575870753050397,1.0,0.012248375786124609,0.15350499999999556,191.287958
1287,0.0002707448460692165,0.00016557595738624987,1.0,0.012220877082012397,0.14907300000001555,191.43703100000002
1288,0.00027040445879355785,0.00016541871730861373,1.0,0.012203791551436595,0.16118499999998903,191.598216
1289,0.00027006472761938145,0.00016526833898120063,1.0,0.012183054744780293,0.15954100000001858,191.75775700000003
1290,0.00026972568091839476,0.00016512092431741635,1.0,0.012125781029142501,0.15547999999998297,191.913237
1291,0.0002693873557685735,0.00016496439093220984,1.0,0.012246873869797056,0.1554360000000088,192.06867300000002
1292,0.0002690497548228496,0.00016479504362852898,1.0,0.012241286552057591,0.14897199999998634,192.217645
1293,0.0002687128581006103,0.00016463515838799082,1.0,0.012088920787289537,0.16007200000001376,192.37771700000002
1294,0.0002683766314576337,0.00016447981657572214,1.0,0.01209468877281258,0.15187699999998472,192.529594
1295,0.00026804109583148083,0.00016430855747685206,1.0,0.012079771571712902,0.15275700000000825,192.682351
1296,0.0002677062507074609,0.00016412725489826826,1.0,0.012078315632164929,0.15431200000000445,192.83666300000002
1297,0.00026737205730567376,0.00016396169512523242,1.0,0.01209947007906959,0.16113999999998896,192.997803
1298,0.00026703851550444955,0.00016380516936910836,1.0,0.01206838300409427,0.16364200000001006,193.16144500000001
1299,0.0002667056884092041,0.00016363023680246412,1.0,0.012167226912972316,0.15675500000000397,193.31820000000002
1300,0.000266373497206809,0.00016347911763171918,1.0,0.0121627251908855,0.15773799999999483,193.475938
1301,0.00026604203095477257,0.00016329705948286158,1.0,0.012114403387693097,0.15899799999999686,193.634936
1302,0.0002657111178663392,0.00016313916624769717,1.0,0.011978271976347063,0.15892900000000054,193.793865
1303,0.00026538085541685975,0.00016299713994589906,1.0,0.012067300900003988,0.15901099999999246,193.952876
1304,0.00026505131514006653,0.00016283015544766796,1.0,0.012004053111649017,0.16428600000000415,194.117162
1305,0.00026472236780578453,0.00016268380574010916,1.0,0.011945436072731998,0.16196200000001681,194.27912400000002
1306,0.00026439412885432835,0.00016251999935637765,1.0,0.012098092257686039,0.15126599999999257,194.43039000000002
1307,0.0002640665714336447,0.00016234069381805118,1.0,0.012115977233147777,0.15998500000000604,194.59037500000002
1308,0.00026373965228464647,0.00016217286481989425,1.0,0.01203523419536901,0.1873329999999953,194.77770800000002
1309,0.00026341338872972267,0.00016200195764043125,1.0,0.01206916461868857,0.1741570000000081,194.95186500000003
1310,0.00026308767556192174,0.00016185417954110105,1.0,0.012082124124942105,0.1986869999999783,195.150552
1311,0.00026276266087827424,0.0001616846569174615,1.0,0.012038149487109523,0.17122800000001348,195.32178000000002
1312,0.0002624383042282672,0.0001615256797833741,1.0,0.012128321488252969,0.16780599999998458,195.489586
1313,0.00026211464899332813,0.00016134891084310294,1.0,0.012104670299223306,0.1735880000000236,195.66317400000003
1314,0.00026179152438524154,0.00016118655081653362,1.0,0.012114835407943707,0.1579319999999882,195.82110600000001
1315,0.00026146904304702256,0.00016103204054523492,1.0,0.012108755529931776,0.15725199999999973,195.97835800000001
1316,0.00026114721866696944,0.00016087485855728078,1.0,0.01209177476918228,0.16359399999998914,196.141952
1317,0.00026082603187622955,0.00016070400385217434,1.0,0.0120877328902795,0.15382500000001187,196.29577700000002
1318,0.0002605054923724918,0.00016053737403704646,1.0,0.012042464564827863,0.17055999999999472,196.466337
1319,0.0002601855628919721,0.00016038234698676336,1.0,0.011930683816189419,0.16528999999999883,196.631627
1320,0.00025986608604694,0.00016024827226954265,1.0,0.012025797730663179,0.1812360000000126,196.81286300000002
1321,0.0002595473701068447,0.00016009364583757015,1.0,0.012123539424148136,0.17663299999998117,196.989496
1322,0.00025922928573175616,0.000159937837852316,1.0,0.01202044491259416,0.1623570000000143,197.15185300000002
1323,0.00025891185643233414,0.0001597669823942931,1.0,0.011935386457236569,0.18188499999999408,197.333738
1324,0.0002585949939792954,0.00015961859525647656,1.0,0.012016909136303346,0.16986299999999233,197.503601
1325,0.0002582788464131365,0.0001594508913323577,1.0,0.012004777988400599,0.16692400000002294,197.67052500000003
1326,0.00025796328932090805,0.00015929940846884103,1.0,0.012106797411508647,0.17284999999998263,197.843375
1327,0.00025764831682187675,0.00015914991965439827,1.0,0.01205879756400085,0.1654760000000124,198.00885100000002
1328,0.00025733398351245426,0.0001589896214129701,1.0,0.012008412942311161,0.15764500000000226,198.16649600000002
1329,0.0002570202300096681,0.0001588436414428907,1.0,0.012003183653622735,0.16590199999998845,198.332398
1330,0.00025670713498203933,0.0001586907800367518,1.0,0.012066738165551299,0.17170500000000288,198.50410300000001
1331,0.00025639471580494056,0.0001585226533574978,1.0,0.011919463798574378,0.16549000000000547,198.66959300000002
1332,0.0002560828708804204,0.0001583547674936138,1.0,0.011999953644658081,0.1628949999999918,198.832488
1333,0.00025577155797159776,0.0001582158327156974,1.0,0.012041306151141358,0.1603719999999953,198.99286
1334,0.0002554609580443491,0.00015804954100745707,1.0,0.011984960766870376,0.15825499999999693,199.151115
1335,0.0002551509332719555,0.00015788509278851474,1.0,0.012023290755420721,0.16042800000002444,199.31154300000003
1336,0.0002548414274465585,0.00015774518558973904,1.0,0.011951794759651378,0.16056599999998866,199.47210900000002
1337,0.00025453259795946316,0.00015757677047125248,1.0,0.011865866136768462,0.16028800000000842,199.63239700000003
1338,0.0002542243567070138,0.0001574108673026763,1.0,0.011917472007485323,0.17682299999998463,199.80922
1339,0.00025391663782671123,0.00015727388324226756,1.0,0.011885045437418943,0.16325199999999995,199.972472
1340,0.0002536096399976834,0.00015710585425970553,1.0,0.011942750253614248,0.16088400000001002,200.13335600000002
1341,0.0002533031660399215,0.00015695574504723104,1.0,0.011906662904818184,0.1657419999999945,200.29909800000001
1342,0.00025299726477205896,0.0001568121539384774,1.0,0.011824147069855217,0.1810040000000015,200.48010200000002
1343,0.0002526919736054406,0.00015666573876731515,1.0,0.012001221328687936,0.17683900000000108,200.65694100000002
1344,0.00025238726779355683,0.00015650914753805124,1.0,0.011880103173180742,0.17659799999998427,200.833539
1345,0.00025208318594292355,0.0001563538521933247,1.0,0.011935178541248086,0.1906020000000126,201.02414100000001
1346,0.0002517796082624027,0.0001562091929485485,1.0,0.011865522030968564,0.22701499999999442,201.251156
1347,0.0002514767094018085,0.0001560693188635978,1.0,0.011790238173912271,0.1690540000000169,201.42021000000003
1348,0.00025117441629712145,0.0001559026510303878,1.0,0.01178018116931627,0.22353499999999826,201.64374500000002
1349,0.0002508726328469436,0.0001557783563813437,1.0,0.011776735269113924,0.15359099999997738,201.797336
1350,0.0002505714684805419,0.0001556205485757261,1.0,0.011803060139794293,0.15412200000000098,201.951458
1351,0.00025027086634601525,0.00015548334983244094,1.0,0.011820080667473672,0.15011600000002545,202.10157400000003
1352,0.00024997089955299494,0.0001553161872467638,1.0,0.01172584917868552,0.14923999999999182,202.25081400000002
1353,0.000249671466673838,0.0001551533988353858,1.0,0.01171781250509043,0.14577499999998622,202.396589
1354,0.0002493725711485966,0.00015501209364563947,1.0,0.011668312125311033,0.15545000000000186,202.552039
1355,0.0002490742927148033,0.00015486420948898614,1.0,0.011944837545673334,0.13980399999999804,202.691843
1356,0.0002487765699438018,0.00015472592872428403,1.0,0.011783955391058537,0.14544200000000274,202.837285
1357,0.0002484794324402478,0.00015457252228978877,1.0,0.011725537833793107,0.15622999999999365,202.993515
1358,0.0002481828890753519,0.00015442279392776363,1.0,0.011724009794025717,0.14228100000002541,203.13579600000003
1359,0.00024788685161460826,0.00015428468576911166,1.0,0.011760917292157518,0.1428409999999758,203.278637
1360,0.00024759141139571385,0.0001541280463422385,1.0,0.011835651538893611,0.1595880000000136,203.43822500000002
1361,0.0002472965525014331,0.0001539707182181424,1.0,0.011816087933401678,0.14999299999999494,203.588218
1362,0.0002470023068227435,0.00015381494357250773,1.0,0.011822024106746412,0.14319900000000985,203.73141700000002
1363,0.0002467085703944677,0.0001536670046437875,1.0,0.011815983965957521,0.14203699999998776,203.873454
1364,0.00024641535841705807,0.0001535098710667542,1.0,0.011893645513937132,0.1412960000000112,204.01475000000002
1365,0.00024612269801314385,0.00015336342052121217,1.0,0.011849375199048143,0.1446239999999932,204.159374
1366,0.0002458305725890521,0.00015323656730994328,1.0,0.01172870307928548,0.14038999999999646,204.299764
1367,0.0002455390746441335,0.00015308156862887232,1.0,0.011839269941342307,0.14016000000000872,204.43992400000002
1368,0.0002452480901150238,0.00015293302117032768,1.0,0.011881648500392415,0.13525999999998817,204.575184
1369,0.0002449576940649071,0.00015277858386510606,1.0,0.011904035245036602,0.14351100000001793,204.71869500000003
1370,0.0002446677738780738,0.00015264349322987282,1.0,0.0118564312990452,0.14321199999997702,204.861907
1371,0.00024437839098940823,0.00015247870346315578,1.0,0.011813107202009935,0.13684400000002483,204.99875100000003
1372,0.00024408964659880487,0.0001523210868073774,1.0,0.011784996017155352,0.14024200000000064,205.13899300000003
1373,0.0002438013818830462,0.0001521677197095498,1.0,0.011841465761070188,0.13866499999997473,205.277658
1374,0.00024351368378927262,0.00015203332791880082,1.0,0.011879270764134073,0.13951900000000705,205.417177
1375,0.00024322650013204356,0.00015189415592984824,1.0,0.011752132993215612,0.14410900000001448,205.56128600000002
1376,0.00024293982429809914,0.00015175010337043897,1.0,0.011786635795367775,0.14399799999998208,205.705284
1377,0.00024265376119725498,0.00015160792819539655,1.0,0.011747785779168551,0.1397280000000194,205.84501200000003
1378,0.00024236821363522116,0.00015146935319887436,1.0,0.011585240549047752,0.14635299999997642,205.991365
1379,0.00024208319767442528,0.00015133740021947085,1.0,0.011710272346455724,0.13612900000001105,206.127494
1380,0.0002417986729760331,0.00015120986724849648,1.0,0.011818693117876257,0.1426580000000115,206.27015200000002
1381,0.00024151477943380026,0.00015105985438225366,1.0,0.011564037124904355,0.14653599999999756,206.41668800000002
1382,0.00024123134480254443,0.00015092416725957932,1.0,0.011643610122830921,0.14287099999998532,206.559559
1383,0.00024094847103655936,0.00015078694948774245,1.0,0.011727763569543796,0.13952199999999948,206.699081
1384,0.00024066612782400778,0.0001506493746627103,1.0,0.011710570967041256,0.16336300000000392,206.862444
1385,0.0002403843531280234,0.00015049613532227784,1.0,0.011618046132001812,0.1977030000000184,207.06014700000003
1386,0.0002401030884704482,0.0001503454143611225,1.0,0.011716364754257183,0.18542099999999095,207.24556800000002
1387,0.00023982231820248034,0.00015020992225739618,1.0,0.01176225933432114,0.1874779999999987,207.43304600000002
1388,0.0002395421335075298,0.00015007209957330238,1.0,0.01171579344503172,0.15201099999998746,207.585057
1389,0.00023926248958130753,0.0001499238663318223,1.0,0.011756527205036631,0.14269900000002167,207.72775600000003
1390,0.0002389833430170402,0.00014977875117533186,1.0,0.011700210165210462,0.1458030000000008,207.87355900000003
1391,0.0002387046541766638,0.0001496503523434296,1.0,0.011661457125038173,0.1524779999999737,208.026037
1392,0.0002384265329991438,0.00014953541085723242,1.0,0.01162898567646117,0.16297800000000962,208.189015
1393,0.00023814895873910686,0.00014938640173513208,1.0,0.011596752185152083,0.14155600000000845,208.33057100000002
1394,0.0002378719029318566,0.00014926815144099688,1.0,0.01168992819895727,0.14504299999998693,208.475614
1395,0.00023759537860538067,0.00014911533617556204,1.0,0.011682985250216299,0.14533299999999372,208.620947
1396,0.00023731934496175778,0.0001489729723205316,1.0,0.011781417717402631,0.1514230000000225,208.77237000000002
1397,0.00023704381636524422,0.00014883701155544933,1.0,0.011697920600849229,0.14124899999998775,208.913619
1398,0.00023676881465948152,0.00014870092899332883,1.0,0.011717468716790195,0.1429290000000094,209.05654800000002
1399,0.00023649434197336078,0.00014856468442820862,1.0,0.011679568459226668,0.15867000000000075,209.21521800000002
1400,0.0002362203979425011,0.00014842777895145897,1.0,0.011631435877584997,0.1834699999999998,209.39868800000002
1401,0.00023594692639626656,0.00014829226916401492,1.0,0.011697540977678722,0.1555009999999868,209.554189
1402,0.00023567398527745632,0.00014814195820545573,1.0,0.011775834083578038,0.1516550000000052,209.705844
1403,0.00023540150817259837,0.00014801334051326608,1.0,0.011736853391498287,0.14931699999999637,209.855161
1404,0.00023512955443157838,0.00014788178668703432,1.0,0.011678498424261472,0.17556100000001607,210.03072200000003
1405,0.00023485812420421406,0.00014773580839542565,1.0,0.011721063473769966,0.15254699999999843,210.18326900000002
1406,0.0002345871769755175,0.0001476061191501926,1.0,0.011693793608197094,0.17078200000000265,210.35405100000003
1407,0.00023431678383287888,0.0001474659074518128,1.0,0.0115459356379758,0.14837699999998222,210.502428
1408,0.00023404691675959016,0.00014732425461968292,1.0,0.011599664273710088,0.14789100000001554,210.65031900000002
1409,0.00023377746457381248,0.0001471848275274282,1.0,0.01151232754489867,0.16788599999998155,210.818205
1410,0.00023350854820622068,0.0001470316593620441,1.0,0.011600891753952474,0.14999199999999746,210.968197
1411,0.00023324002079272034,0.00014690853583473835,1.0,0.01142874892524946,0.15487900000002242,211.12307600000003
1412,0.00023297212946624186,0.0001467650664901051,1.0,0.01153232491984822,0.1423819999999978,211.26545800000002
1413,0.0002327046590070872,0.00014663565822151976,1.0,0.011599229675823818,0.1400769999999909,211.40553500000001
1414,0.000232437707375145,0.00014650105784462942,1.0,0.011496396142872246,0.14869100000001367,211.55422600000003
1415,0.00023217119412992444,0.0001463736398257503,1.0,0.011708848455823742,0.13702699999998913,211.69125300000002
1416,0.00023190519560008872,0.00014625361137632633,1.0,0.011581543497255238,0.15030899999999292,211.841562
1417,0.00023163972265489172,0.0001461120711715762,1.0,0.011542831819716399,0.1441069999999911,211.985669
1418,0.0002313747254792064,0.00014596639802024752,1.0,0.011455759732806103,0.15049200000001406,212.13616100000002
1419,0.00023111020042316992,0.0001458377796803305,1.0,0.011581840828967906,0.15202899999999886,212.28819000000001
1420,0.000230846185031628,0.0001456975208456891,1.0,0.011622817960544275,0.14452499999998736,212.432715
1421,0.0002305826322816766,0.0001455614711274654,1.0,0.011531960594279475,0.14212900000001127,212.574844
1422,0.00023031962472217743,0.00014543022105327282,1.0,0.011490762348990153,0.15131300000001602,212.72615700000003
1423,0.00023005700985953526,0.00014529896082104345,1.0,0.011403007488452214,0.14483799999999292,212.87099500000002
1424,0.00022979494663134565,0.00014515833585662327,1.0,0.011508825513799446,0.1433969999999931,213.01439200000002
1425,0.00022953335021450526,0.00014502024383711157,1.0,0.011422192391663054,0.13955100000001153,213.15394300000003
1426,0.00022927228445034968,0.0001448882841907466,1.0,0.011439804040656172,0.14893999999998186,213.302883
1427,0.0002290116563332098,0.00014475049422036824,1.0,0.011380156130480703,0.14056200000001695,213.44344500000003
1428,0.00022875142296883822,0.00014461280976872014,1.0,0.011460796681972429,0.14640599999998472,213.589851
1429,0.00022849166226547018,0.00014448486616563765,1.0,0.011481323495205678,0.15294000000000096,213.742791
1430,0.00022823240358399132,0.0001443694346161066,1.0,0.011461397968979208,0.1502800000000093,213.89307100000002
1431,0.0002279736478611713,0.00014422569776160188,1.0,0.011536226388354128,0.14179799999999432,214.03486900000001
1432,0.00022771532504150526,0.00014409218757392472,1.0,0.01139030818861074,0.14632100000000037,214.18119000000002
1433,0.00022745747805108136,0.00014396162291900984,1.0,0.011609791544902479,0.14185100000000261,214.32304100000002
1434,0.00022720010143231973,0.0001438230611183953,1.0,0.011464343219173662,0.13997699999998758,214.463018
1435,0.00022694324358395437,0.00014368025064058948,1.0,0.01141734741544103,0.14207600000000298,214.605094
1436,0.00022668685084039706,0.0001435411858258469,1.0,0.011437212079172268,0.14295900000001893,214.74805300000003
1437,0.0002264308205785306,0.0001434336765357783,1.0,0.011419888937856145,0.13966899999999782,214.88772200000002
1438,0.00022617532857564137,0.00014328654542682427,1.0,0.011493920877566429,0.1423549999999807,215.030077
1439,0.00022592024154949596,0.0001431545405805044,1.0,0.011434792264647544,0.14053100000000995,215.17060800000002
1440,0.00022566563671426893,0.0001430187118289937,1.0,0.011366165401235931,0.16782799999998588,215.338436
1441,0.00022541147101907006,0.00014289546291300018,1.0,0.011359992705521085,0.14203900000001113,215.480475
1442,0.00022515779235998885,0.00014276604484324526,1.0,0.011403206767464426,0.14465599999999768,215.625131
1443,0.00022490454727454315,0.00014264619035144892,1.0,0.011366453025748527,0.14121299999999337,215.766344
1444,0.0002246518121087157,0.0001424977079078744,1.0,0.011327370086248763,0.13722800000002167,215.90357200000003
1445,0.00022439949017671773,0.00014236469739593754,1.0,0.01145136975979689,0.1409129999999834,216.044485
1446,0.00022414757624734043,0.0001422361287109646,1.0,0.011374064530874008,0.14077299999999582,216.185258
1447,0.00022389614260507048,0.000142113980031395,1.0,0.011387973564425325,0.1423860000000161,216.32764400000002
1448,0.00022364520357803276,0.00014199056848492682,1.0,0.011325087283362095,0.14502799999999638,216.47267200000002
1449,0.00022339468741196643,0.00014186377313698837,1.0,0.011427254517485106,0.14503500000000713,216.61770700000002
1450,0.0002231445931073144,0.00014174761988361304,1.0,0.011354317219689736,0.14691399999998112,216.764621
1451,0.00022289502205876993,0.00014161220042885304,1.0,0.011304528882374123,0.1390609999999981,216.903682
1452,0.00022264585887555493,0.00014148087652857832,1.0,0.011363208176872253,0.13768699999999967,217.041369
1453,0.0002223971213382736,0.00014135698168854917,1.0,0.011476139544828394,0.1423170000000198,217.18368600000002
1454,0.00022214884527585073,0.00014122555987003236,1.0,0.011386292800298348,0.1387110000000007,217.32239700000002
1455,0.0002219010053820975,0.00014110283229393317,1.0,0.011399838072068702,0.14044599999999718,217.46284300000002
1456,0.0002216536400354102,0.00014097990643690994,1.0,0.011318626798857315,0.1390559999999823,217.601899
1457,0.00022140670625326618,0.0001408511891181091,1.0,0.01128687237443035,0.14074200000001724,217.74264100000002
1458,0.0002211601683827546,0.00014073728344340036,1.0,0.011235641153877002,0.14300099999999816,217.88564200000002
1459,0.00022091414164059507,0.00014059393308863552,1.0,0.011248362650636319,0.1395559999999989,218.02519800000002
1460,0.00022066850040529701,0.00014046278663524902,1.0,0.011378049777000057,0.14382799999998497,218.169026
1461,0.00022042328931519672,0.00014033635250029116,1.0,0.011319271873040427,0.14372900000000755,218.312755
1462,0.00022017851591963234,0.00014021023946471348,1.0,0.011285352792984307,0.1570910000000083,218.46984600000002
1463,0.00021993420843997242,0.0001400761052155397,1.0,0.011289568290920416,0.14474799999999277,218.614594
1464,0.00021969032776944752,0.00013995555220094828,1.0,0.01119124727979717,0.14184399999999187,218.756438
1465,0.00021944690219625923,0.0001398204367889495,1.0,0.011225991472600557,0.14077700000001414,218.89721500000002
1466,0.00021920387831088817,0.00013969166723135846,1.0,0.01123960707866052,0.1433629999999937,219.040578
1467,0.00021896126596510787,0.00013955899342852593,1.0,0.01117694147375106,0.1403880000000015,219.180966
1468,0.00021871912392191074,0.00013941740120825783,1.0,0.01126413279968844,0.14213900000001445,219.32310500000003
1469,0.00021847737261849025,0.00013929385464869832,1.0,0.011264984544984464,0.13945299999997474,219.462558
1470,0.0002182360119128506,0.00013917398657420677,1.0,0.011252299129133262,0.13867300000001137,219.601231
1471,0.0002179951453561156,0.00013903742398390718,1.0,0.011142425219645577,0.13810499999999593,219.739336
1472,0.0002177546774193811,0.00013891912299309963,1.0,0.011134779496573191,0.1438670000000002,219.883203
1473,0.00021751463051126362,0.00013878981682590707,1.0,0.01127672085853293,0.14297200000001453,220.02617500000002
1474,0.00021727500638523263,0.0001386570083535152,1.0,0.011188889174844093,0.1353859999999827,220.161561
1475,0.00021703578261149742,0.0001385236668053415,1.0,0.011134375892381174,0.13996099999999956,220.301522
1476,0.00021679696302998364,0.0001383923042589968,1.0,0.011193700657465956,0.14134200000000874,220.44286400000001
1477,0.00021655858545182227,0.00013826990601228204,1.0,0.01117603387256481,0.1394640000000038,220.58232800000002
1478,0.00021632060400067805,0.00013814417361004668,1.0,0.011227194220503245,0.13866400000000567,220.72099200000002
1479,0.00021608295506118127,0.00013802338550296636,1.0,0.01122824919516508,0.14198500000000536,220.86297700000003
1480,0.00021584578398117993,0.00013789984958608616,1.0,0.011179305495452584,0.14428599999999392,221.00726300000002
1481,0.00021560908403934256,0.0001377577265196689,1.0,0.011132657635279321,0.1399539999999888,221.147217
1482,0.0002153727834061846,0.00013761640948067733,1.0,0.011173292160810675,0.1406340000000057,221.28785100000002
1483,0.0002151368679914246,0.0001374807309281993,1.0,0.011199715642633353,0.14175699999998415,221.429608
1484,0.00021490132376931725,0.0001373554153588176,1.0,0.011186046906709898,0.16046600000001376,221.59007400000002
1485,0.00021466618126335745,0.00013723364754640498,1.0,0.011325715539369943,0.13839799999999514,221.728472
1486,0.00021443142294416044,0.0001371214657512608,1.0,0.011229791011417864,0.14329499999999484,221.871767
1487,0.00021419714681977903,0.000136990666024628,1.0,0.01110120083852287,0.13792000000000826,222.009687
1488,0.00021396321649460597,0.0001368751260851781,1.0,0.011133930566352089,0.1464249999999936,222.156112
1489,0.00021372970460539976,0.00013675884646947465,1.0,0.011141548416701447,0.1459169999999972,222.302029
1490,0.00021349661055174927,0.00013664248153746506,1.0,0.011087803265843075,0.13942600000001448,222.44145500000002
1491,0.0002132639542151334,0.00013652382989372437,1.0,0.011183808839504572,0.14079100000000722,222.58224600000003
1492,0.00021303170203439476,0.00013641610682489346,1.0,0.011135724708604017,0.14096299999999928,222.72320900000003
1493,0.00021279984632818883,0.0001363136720760408,1.0,0.011091560513176878,0.14183099999999627,222.86504000000002
1494,0.00021256841615014844,0.00013618429343240324,1.0,0.011298350823526713,0.14180500000000507,223.00684500000003
1495,0.00021233738878368357,0.0001360685371910605,1.0,0.011101789146804797,0.1476729999999975,223.15451800000002
1496,0.0002121067596976378,0.00013593836872215017,1.0,0.011184545507871027,0.13946599999999876,223.29398400000002
1497,0.000211876546205197,0.0001358101346291582,1.0,0.01106591100823918,0.14037399999998001,223.434358
1498,0.00021164670988380724,0.00013569269077739804,1.0,0.011176669214107227,0.1428820000000144,223.57724000000002
1499,0.0002114172577646653,0.0001355718409986117,1.0,0.011084970424523867,0.14180099999998674,223.719041
1500,0.0002111882466872496,0.00013544634295939654,1.0,0.011214485122024094,0.14325600000000804,223.862297
1501,0.0002109595884592493,0.0001353208734684102,1.0,0.011084787445945989,0.14266499999999382,224.004962
1502,0.00021073134083293528,0.0001351980745149793,1.0,0.011205172394418742,0.1454700000000173,224.15043200000002
1503,0.00021050345639179712,0.00013509380373181266,1.0,0.011119164683780653,0.14190700000000334,224.29233900000003
1504,0.00021027600399883085,0.00013496370790112708,1.0,0.011005544295271955,0.1380489999999952,224.43038800000002
1505,0.00021004891400414597,0.00013485553693016897,1.0,0.011058268844647421,0.14293000000000688,224.57331800000003
1506,0.00020982224336427746,0.00013472296995007874,1.0,0.010996648877394986,0.14591799999999466,224.71923600000002
1507,0.00020959594700308373,0.000134606188418953,1.0,0.010989762955176164,0.15548199999997792,224.874718
1508,0.00020937004734905985,0.0001344839255915833,1.0,0.011021633292385778,0.14480800000001182,225.019526
1509,0.0002091445105428631,0.00013436479560001042,1.0,0.011049131747080864,0.14329100000000494,225.16281700000002
1510,0.00020891936420185055,0.00013426503247251787,1.0,0.011008710594802058,0.13904199999998923,225.301859
1511,0.00020869463025519674,0.0001341431630734432,1.0,0.011125054745137202,0.16104799999999386,225.462907
1512,0.0002084702951631216,0.00013401829419128162,1.0,0.011080072896088575,0.14288800000002766,225.60579500000003
1513,0.00020824630075131628,0.00013389788960835243,1.0,0.01103521892698935,0.14169599999999605,225.74749100000002
1514,0.00020802268767847542,0.00013379683925754808,1.0,0.011018280974447495,0.1428239999999903,225.89031500000002
1515,0.00020779953133243033,0.00013367830202240218,1.0,0.01105021432949987,0.14339599999999564,226.033711
1516,0.00020757673003796897,0.0001335456009987257,1.0,0.011016586409991579,0.13995700000000966,226.17366800000002
1517,0.00020735425312574162,0.0001334296745120239,1.0,0.011019954534035545,0.14314500000000407,226.31681300000002
1518,0.00020713218782117908,0.00013331914751294388,1.0,0.010982901149437854,0.13739499999999794,226.45420800000002
1519,0.00020691053392413256,0.00013319080468610572,1.0,0.010998846864760391,0.1443960000000004,226.59860400000002
1520,0.00020668919890809713,0.0001330874896771567,1.0,0.0109870548269996,0.14195499999999583,226.74055900000002
1521,0.00020646832588302135,0.00013295175043516566,1.0,0.011002463007021792,0.14719700000000557,226.88775600000002
1522,0.00020624779989942155,0.0001328332118438751,1.0,0.011045276903542421,0.13567399999999452,227.02343000000002
1523,0.00020602760683101194,0.0001327144081501494,1.0,0.010982097087893328,0.14490699999998924,227.168337
1524,0.00020580781885787042,0.00013260015031749258,1.0,0.010952725306665793,0.1430029999999931,227.31134
1525,0.0002055883662160797,0.00013248992594866105,1.0,0.010979023554246011,0.14077800000001162,227.452118
1526,0.0002053692785214881,0.00013238170934277082,1.0,0.011079960705450259,0.14232300000000464,227.59444100000002
1527,0.00020515060457757802,0.00013227351478766556,1.0,0.011068993535587456,0.1484260000000006,227.74286700000002
1528,0.00020493233734005,0.00013214939916827238,1.0,0.011005140056706423,0.17490100000000552,227.91776800000002
1529,0.00020471442409053587,0.00013202567690323648,1.0,0.010918983375625876,0.14918699999998353,228.066955
1530,0.00020449686141188442,0.0001319115171578369,1.0,0.010878437774951672,0.142216000000019,228.20917100000003
1531,0.0002042796626822063,0.00013179283842692523,1.0,0.010989724801100801,0.14146900000000073,228.35064000000003
1532,0.0002040628334813181,0.00013167000594930224,1.0,0.010853833038051321,0.14100299999998356,228.491643
1533,0.00020384637782402658,0.00013154366873136997,1.0,0.010913813179090185,0.14599599999999668,228.637639
1534,0.00020363024939281022,0.00013142644956123681,1.0,0.010888323501889438,0.14214300000000435,228.779782
1535,0.00020341448946100882,0.0001313206448905037,1.0,0.01095012077229005,0.14481900000001247,228.92460100000002
1536,0.00020319911389142598,0.00013120672497914817,1.0,0.010851681429440247,0.14139000000000124,229.06599100000003
1537,0.00020298410224266577,0.0001310963010753175,1.0,0.010971091110291415,0.14672999999999092,229.21272100000002
1538,0.00020276947545300278,0.00013097929963306785,1.0,0.010957804098914822,0.13767599999999902,229.35039700000002
1539,0.00020255520598810972,0.0001308638720135958,1.0,0.010945721892644616,0.145118999999994,229.495516
1540,0.00020234125837275595,0.00013075438697619408,1.0,0.010962251378910772,0.1424300000000187,229.63794600000003
1541,0.00020212765848956588,0.00013065627879443572,1.0,0.010893665018949329,0.14664899999999648,229.78459500000002
1542,0.00020191451902941654,0.00013054078398577756,1.0,0.010913481100663354,0.14385099999998374,229.928446
1543,0.00020170167844385463,0.00013042458711472115,1.0,0.010946335581231967,0.14428100000000654,230.07272700000001
1544,0.0002014892105649276,0.00013031202559436045,1.0,0.011009358207529104,0.13960299999999393,230.21233
1545,0.0002012770809496474,0.00013019295460899345,1.0,0.010915318374566387,0.14331400000000372,230.355644
1546,0.00020106533263874194,0.00013008082379993606,1.0,0.01098446491611384,0.14101800000000253,230.49666200000001
1547,0.0002008538824148543,0.00012998024398500662,1.0,0.010880057233295201,0.13408200000000647,230.63074400000002
1548,0.00020064282039387033,0.00012987761082200068,1.0,0.010869618867443708,0.14387499999998,230.774619
1549,0.00020043213997644171,0.0001297760043858482,1.0,0.010866455368306977,0.1459340000000111,230.920553
1550,0.0002002218373062605,0.00012966347086715903,1.0,0.010909652555705114,0.15724600000001487,231.07779900000003
1551,0.00020001180551956757,0.00012955290026575074,1.0,0.010787088441467288,0.14966899999998873,231.22746800000002
1552,0.0001998021756618531,0.00012943883224187866,1.0,0.010802437139786087,0.14295699999999556,231.370425
1553,0.00019959286851950491,0.0001293215670885338,1.0,0.0108784854775151,0.14275800000001482,231.51318300000003
1554,0.00019938392126469436,0.00012921726030405727,1.0,0.010818029036679186,0.14274799999998322,231.655931
1555,0.00019917534779066942,0.00012910102643269434,1.0,0.010849321023676004,0.14198999999999273,231.797921
1556,0.00019896709385487887,0.00012899008555034198,1.0,0.0107188119650309,0.14002400000001103,231.937945
1557,0.00019875918305550957,0.00012887675142248195,1.0,0.010781285434834425,0.14148399999999128,232.079429
1558,0.00019855162003714434,0.00012875944928155786,1.0,0.010801525325184318,0.1388380000000211,232.21826700000003
1559,0.00019834445239194607,0.00012863578158490567,1.0,0.010828047551170223,0.1448779999999772,232.363145
1560,0.00019813761558021216,0.00012851851449630054,1.0,0.010752589305641849,0.14427100000000337,232.507416
1561,0.00019793109718284978,0.0001284012301647717,1.0,0.010876854053673798,0.1381640000000175,232.64558000000002
1562,0.00019772489137035622,0.0001283006155103185,1.0,0.01084337680716176,0.1373439999999846,232.782924
1563,0.00019751901237294423,0.00012819352778592398,1.0,0.010886491167028533,0.14290800000000559,232.925832
1564,0.00019731353570342236,0.00012807940735099258,1.0,0.010834436138372594,0.13815700000000675,233.06398900000002
1565,0.00019710836038619477,0.00012798104448065453,1.0,0.010891295996636553,0.14168999999998277,233.205679
1566,0.00019690354903859539,0.0001278696927035991,1.0,0.010879315152988189,0.14188500000000204,233.347564
1567,0.00019669903155768826,0.00012776627311096732,1.0,0.010880357076398863,0.14567800000000375,233.493242
1568,0.00019649488213339069,0.0001276450619288853,1.0,0.010798973721616556,0.14247700000001373,233.63571900000002
1569,0.00019629108508994168,0.00012752295403538477,1.0,0.01090740912191324,0.13820999999998662,233.773929
1570,0.00019608759767481004,0.0001274044713277765,1.0,0.010812208838173947,0.13722400000000334,233.911153
1571,0.00019588444983125808,0.00012729561402846718,1.0,0.010885371940082886,0.14249000000000933,234.05364300000002
1572,0.00019568162779358961,0.0001271839059362357,1.0,0.010846501477040407,0.14458700000000135,234.19823000000002
1573,0.00019547916651326913,0.00012707583473478592,1.0,0.010851463053332896,0.1514699999999891,234.3497
1574,0.00019527699625574568,0.00012698384245882235,1.0,0.010852138349837098,0.14214599999999677,234.491846
1575,0.00019507523351485417,0.00012686299045340372,1.0,0.010810423358314296,0.13981599999999617,234.631662
1576,0.00019487375818936256,0.0001267504280365423,1.0,0.010898272317671966,0.14440700000000106,234.776069
1577,0.00019467255405293074,0.00012665207392242452,1.0,0.010875239445589225,0.14078399999999647,234.916853
1578,0.00019447172914250594,0.00012653535227932905,1.0,0.010766684624852406,0.14771500000000515,235.064568
1579,0.00019427121548709023,0.00012641613043569937,1.0,0.010794606086587307,0.14102300000001833,235.20559100000003
1580,0.00019407105291606696,0.00012631403179967358,1.0,0.010775423436401746,0.14626799999999207,235.35185900000002
1581,0.00019387117573147028,0.00012620926578836415,1.0,0.010854916074865275,0.1337479999999971,235.48560700000002
1582,0.00019367161869251153,0.00012611182996211188,1.0,0.010914952650405513,0.14244999999999663,235.628057
1583,0.00019347245239739532,0.00012598470330649414,1.0,0.010932046456653275,0.14491599999999494,235.772973
1584,0.00019327355598302336,0.0001258776450151947,1.0,0.010857294381061817,0.1401700000000119,235.91314300000002
1585,0.000193075032264921,0.00012575956269907557,1.0,0.010952786036068569,0.13985499999998297,236.052998
1586,0.00019287678544901993,0.00012565215719596257,1.0,0.010811439597465182,0.14143900000001963,236.19443700000002
1587,0.00019267889675634025,0.00012554586491470278,1.0,0.010904593449463764,0.14351399999998193,236.337951
1588,0.00019248130302040268,0.00012542915524772053,1.0,0.010906119886646158,0.14027900000002091,236.47823000000002
1589,0.0001922840404092843,0.00012531641490897596,1.0,0.010865014128943591,0.14299199999999246,236.62122200000002
1590,0.00019208706294397205,0.00012521412023388503,1.0,0.010831406427922807,0.1467230000000086,236.76794500000003
1591,0.00019189042971103887,0.00012511611116878768,1.0,0.010764451217973892,0.14367099999998345,236.911616
1592,0.00019169414499606,0.00012500211977063921,1.0,0.01069714709536753,0.13774900000001367,237.04936500000002
1593,0.00019149815929915808,0.00012489634110855022,1.0,0.010873315361134702,0.14305199999998308,237.192417
1594,0.0001913024804864034,0.0001248021922824066,1.0,0.010766701988205288,0.14220400000002087,237.33462100000003
1595,0.00019110716016522409,0.0001246847745761662,1.0,0.01073099991984886,0.15546699999998737,237.49008800000001
1596,0.0001909121237340487,0.0001245737197622735,1.0,0.010803882336301352,0.143810000000002,237.63389800000002
1597,0.00019071741057987985,0.00012446392252236655,1.0,0.010860107268148886,0.14370299999998792,237.777601
1598,0.00019052301990198818,0.0001243525686679916,1.0,0.010769450821714075,0.14416300000002025,237.92176400000002
1599,0.00019032887790596846,0.0001242511136673081,1.0,0.010734509207627882,0.13973299999997835,238.061497
1600,0.00019013509550404488,0.00012414618322372287,1.0,0.0107660313293404,0.1520399999999995,238.213537
1601,0.00018994162664742715,0.00012404107335627052,1.0,0.010834483930834013,0.14475900000002184,238.35829600000002
1602,0.00018974845108924032,0.00012394128757746797,1.0,0.010805132483541384,0.14389599999998381,238.502192
1603,0.0001895555945002308,0.00012383452293381915,1.0,0.01070916380997556,0.13265599999999722,238.634848
1604,0.00018936302350414254,0.00012372725410040027,1.0,0.010792923106249231,0.1442880000000173,238.77913600000002
1605,0.00018917081263849662,0.00012362106313648636,1.0,0.010748006944143476,0.1408909999999821,238.920027
1606,0.00018897886080185278,0.00012353515217643565,1.0,0.01077595744449844,0.1547700000000134,239.07479700000002
1607,0.00018878729984599395,0.00012342291929764374,1.0,0.010716396152567698,0.1658429999999953,239.24064
1608,0.00018859600561285176,0.00012331740870821548,1.0,0.010679761638955676,0.14660800000001473,239.38724800000003
1609,0.00018840500817101657,0.00012321293286693446,1.0,0.010729442488612899,0.14988299999998844,239.53713100000002
1610,0.000188214357036986,0.00012310296562948172,1.0,0.010730569106385389,0.1417250000000081,239.67885600000002
1611,0.0001880239921927781,0.0001229931873013091,1.0,0.010713343835158798,0.139616999999987,239.818473
1612,0.00018783395597704767,0.00012288615578595548,1.0,0.010733099020404382,0.14366799999999103,239.962141
1613,0.00018764421422916977,0.0001227889291700057,1.0,0.010689083114706087,0.1401610000000062,240.102302
1614,0.00018745478919580044,0.0001226885001775563,1.0,0.010639472403780024,0.13496900000001233,240.23727100000002
1615,0.0001872656191192326,0.00012260391083962,1.0,0.010625967084541657,0.1422149999999931,240.379486
1616,0.00018707678597562044,0.00012250184388657093,1.0,0.010720681317580406,0.16479300000000308,240.54427900000002
1617,0.00018688825998649538,0.00012240499588563798,1.0,0.010680834754559157,0.1435239999999851,240.687803
1618,0.00018670005091399327,0.0001223101543646112,1.0,0.010624434036145679,0.14756200000002195,240.83536500000002
1619,0.0001865121366455947,0.000122217164674137,1.0,0.01058761323655187,0.14106999999998493,240.976435
1620,0.00018632453883792683,0.00012212353184693926,1.0,0.010776005034698237,0.13794899999999188,241.114384
1621,0.00018613724883544258,0.0001220184665044227,1.0,0.010692239571716323,0.13271100000000047,241.247095
1622,0.00018595025243231953,0.00012191084354906444,1.0,0.010702821368433394,0.14687299999999937,241.393968
1623,0.00018576354624259082,0.00012180442415550811,1.0,0.010585750759676335,0.14205900000001748,241.53602700000002
1624,0.00018557711423919965,0.00012170848839650083,1.0,0.010625735705178887,0.14553000000000793,241.68155700000003
1625,0.00018539099995135432,0.00012161341953743127,1.0,0.010665377644951653,0.14236099999999396,241.82391800000002
1626,0.00018520517433571177,0.0001215079520784248,1.0,0.01060957142030789,0.14036799999999516,241.96428600000002
1627,0.00018501962248058506,0.0001214092072760752,1.0,0.010533779460990359,0.14623800000001097,242.11052400000003
1628,0.00018483434188327442,0.0001213179347146101,1.0,0.010578597177437726,0.1458239999999762,242.256348
1629,0.00018464938405160709,0.00012122941896348829,1.0,0.010574126455456575,0.1452650000000233,242.40161300000003
1630,0.00018446476336765957,0.00012112576159805498,1.0,0.010507379862102253,0.141083999999978,242.542697
1631,0.0001842804507636968,0.0001210264937523479,1.0,0.010552476384669173,0.14304000000001338,242.68573700000002
1632,0.00018409641124245062,0.00012092506590610457,1.0,0.010561141008549775,0.14298900000000003,242.82872600000002
1633,0.00018391264849126714,0.00012083073306786464,1.0,0.010596750079121952,0.14560900000000743,242.97433500000002
1634,0.0001837291524041022,0.0001207337920655415,1.0,0.01067967514494493,0.1428989999999999,243.11723400000002
1635,0.00018354599499931747,0.00012063641972160369,1.0,0.010510719007758308,0.14029800000000137,243.25753200000003
1636,0.00018336313306499348,0.00012053364557217041,1.0,0.010528077433394985,0.13521199999999567,243.39274400000002
1637,0.00018318054102589782,0.00012043284657714639,1.0,0.01052117818284897,0.15091999999998507,243.543664
1638,0.00018299824735516592,0.00012033955617583923,1.0,0.010480098350026648,0.15181599999999662,243.69548
1639,0.00018281624559319414,0.00012024544792835008,1.0,0.010588417804800129,0.14166200000002505,243.83714200000003
1640,0.00018263455644641598,0.00012014755272906841,1.0,0.010468881533134406,0.1409609999999759,243.978103
1641,0.00018245314497611709,0.00012004770497118417,1.0,0.0104997735530474,0.14418600000001902,244.12228900000002
1642,0.00018227200683224048,0.00011995102223729759,1.0,0.010499136622777095,0.14296500000000378,244.26525400000003
1643,0.00018209116817892248,0.00011985321792300323,1.0,0.010498256421927981,0.14030900000000202,244.40556300000003
1644,0.000181910623660931,0.00011974478067481793,1.0,0.010541870851291721,0.1414429999999811,244.547006
1645,0.00018173033336484233,0.00011965423374561138,1.0,0.010482288214594878,0.14503799999999956,244.692044
1646,0.00018155034726392846,0.00011956044914660515,1.0,0.010570287664411097,0.13898500000001945,244.83102900000003
1647,0.00018137065958459206,0.0001194594854392105,1.0,0.010474926036671819,0.15325099999998315,244.98428
1648,0.00018119123575705462,0.000119366649406828,1.0,0.010512141412867533,0.15347500000001446,245.13775500000003
1649,0.00018101209832274684,0.00011926036123291564,1.0,0.010490674404392221,0.15222199999999475,245.28997700000002
1650,0.00018083321244924923,0.00011917399635362808,1.0,0.010520714869763274,0.14701299999998696,245.43699
1651,0.00018065466154661397,0.00011907677644931342,1.0,0.010569913605803971,0.14722299999999677,245.584213
1652,0.00018047634227196885,0.00011897866256056438,1.0,0.010554749390785318,0.13583500000001436,245.72004800000002
1653,0.00018029832328053853,0.00011888134504164412,1.0,0.010531618180287835,0.15869100000000458,245.87873900000002
1654,0.00018012057626861077,0.00011879000303703577,1.0,0.010464395767052966,0.14866499999999405,246.02740400000002
1655,0.0001799431105789045,0.00011869884166235446,1.0,0.01050597984753942,0.14193099999999959,246.16933500000002
1656,0.00017976595894074747,0.00011860221014094286,1.0,0.010480437818655387,0.14369500000000812,246.31303000000003
1657,0.0001795890857462797,0.00011850718076095988,1.0,0.010480187633198773,0.1399229999999818,246.452953
1658,0.00017941248387791375,0.00011841316253867414,1.0,0.010455676695207876,0.14530300000001262,246.59825600000002
1659,0.00017923617602758963,0.00011830722901761485,1.0,0.010580789937994594,0.14103699999998298,246.739293
1660,0.0001790600558881142,0.00011822978249228203,1.0,0.01055178231883904,0.14403000000001498,246.88332300000002
1661,0.0001788842516339202,0.0001181429686174504,1.0,0.010484599069676245,0.13505399999999668,247.01837700000002
1662,0.0001787087533305399,0.00011805410304069869,1.0,0.010494087178184912,0.1440200000000118,247.16239700000003
1663,0.00017853350634023188,0.00011795933475525734,1.0,0.010519408013484754,0.13974799999999732,247.30214500000002
1664,0.0001783585484525556,0.0001178576727204011,1.0,0.010478204513914626,0.13876399999998057,247.440909
1665,0.0001781838986582705,0.00011774982445173213,1.0,0.01049449825618224,0.14277400000000284,247.583683
1666,0.00017800948502657592,0.00011765131389198229,1.0,0.010543626164851563,0.14406099999999356,247.727744
1667,0.00017783534958930235,0.00011755385492949771,1.0,0.010480746564487475,0.15133100000002742,247.87907500000003
1668,0.0001776614605454586,0.00011745886127061095,1.0,0.010485018255185876,0.280350999999996,248.15942600000002
1669,0.0001774878575090875,0.00011735855405170954,1.0,0.010510362512423575,0.18924199999997882,248.348668
1670,0.00017731449094425295,0.0001172723491887531,1.0,0.010528227601606686,0.15099900000001298,248.49966700000002
1671,0.00017714142323747191,0.00011717531211407421,1.0,0.010500875886414966,0.1751779999999883,248.674845
1672,0.00017696862676885758,0.00011708509590923843,1.0,0.010465755988627139,0.15173500000000217,248.82658
1673,0.00017679607562251902,0.00011698948928155432,1.0,0.01042979776420006,0.1436869999999999,248.970267
1674,0.00017662381934689615,0.00011689656985600043,1.0,0.010431154360446043,0.14132100000000491,249.111588
1675,0.00017645184555550866,0.0001167918760839899,1.0,0.010481517493107372,0.13840300000001093,249.24999100000002
1676,0.00017628009060113452,0.00011670061383035915,1.0,0.010453902127820264,0.13333299999999326,249.38332400000002
1677,0.00017610861949899937,0.00011660255235510297,1.0,0.010470610179658002,0.14324099999998907,249.526565
1678,0.00017593740005586174,0.00011650971516991826,1.0,0.010412237823069303,0.1404320000000041,249.666997
1679,0.00017576645072113896,0.00011642227599505899,1.0,0.010400345428473769,0.1360209999999995,249.803018
1680,0.00017559578982426102,0.00011632992838252636,1.0,0.010432818466510554,0.1416370000000029,249.944655
1681,0.00017542535052274418,0.00011626014098024041,1.0,0.010442244895924657,0.1436909999999898,250.088346
1682,0.0001752552116887387,0.00011617458997125116,1.0,0.010536740339641045,0.14347400000002608,250.23182000000003
1683,0.00017508534962117975,0.00011608169327589301,1.0,0.010445787302694475,0.13536499999997886,250.367185
1684,0.00017491575922535247,0.00011598275692162018,1.0,0.010341857883017821,0.13806800000000408,250.505253
1685,0.00017474641028558492,0.0001158906969926804,1.0,0.010348261410048291,0.14383900000001404,250.64909200000002
1686,0.00017457735487432457,0.00011579092330810109,1.0,0.010362513101086077,0.14161199999998075,250.790704
1687,0.0001744085550261003,0.00011570888919076529,1.0,0.010350422992313065,0.14301299999999628,250.933717
1688,0.00017423998414845907,0.00011561794033748217,1.0,0.010313204532244968,0.14145000000002028,251.07516700000002
1689,0.00017407167210491524,0.00011554268475986358,1.0,0.010308489545165595,0.14017599999999675,251.21534300000002
1690,0.00017390366117547544,0.00011544214841213776,1.0,0.010301922786201541,0.1367840000000058,251.35212700000002
1691,0.00017373588249057986,0.00011535779955077117,1.0,0.010289360651450346,0.13727599999998574,251.489403
1692,0.00017356838169064437,0.00011527188538646925,1.0,0.010285835919690203,0.1476780000000133,251.63708100000002
1693,0.00017340112679312388,0.00011518183705150991,1.0,0.010244650137917654,0.15030199999998217,251.787383
1694,0.0001732341251998618,0.00011508987212258881,1.0,0.010277018925936056,0.13791700000001583,251.92530000000002
1695,0.00017306740125293412,0.00011500543913216424,1.0,0.010372036512775512,0.14148499999998876,252.066785
1696,0.00017290094186912208,0.00011492283244181705,1.0,0.010380221814652863,0.1406729999999925,252.207458
1697,0.0001727347449777483,0.00011483029331542318,1.0,0.010354907946901236,0.1426930000000084,252.350151
1698,0.00017256882293314137,0.00011473102832214522,1.0,0.010342269018710883,0.1440369999999973,252.494188
1699,0.00017240312129259233,0.00011463704092332314,1.0,0.010336841791041962,0.13773800000001302,252.63192600000002
1700,0.00017223768411585617,0.00011454303617480786,1.0,0.01039515845019175,0.1389729999999929,252.77089900000001
1701,0.00017207245978416625,0.0001144675950320582,1.0,0.010382845185728433,0.14201099999999656,252.91291
1702,0.00017190753225199257,0.00011438537294958727,1.0,0.010397299437137488,0.13517799999999625,253.048088
1703,0.000171742841345465,0.00011429367085939924,1.0,0.010342736073007017,0.14114000000000715,253.189228
1704,0.00017157839074946444,0.00011420884388393261,1.0,0.010324704458719162,0.14068499999999062,253.329913
1705,0.0001714141842543522,0.00011411956536892737,1.0,0.010300291668462979,0.13947799999999688,253.469391
1706,0.00017125023592284548,0.00011402426402337024,1.0,0.010328158575585094,0.14463700000001722,253.61402800000002
1707,0.00017108655600231126,0.0001139322693879213,1.0,0.010345242417756853,0.14204499999999598,253.75607300000001
1708,0.0001709231369047775,0.00011383838164186254,1.0,0.010310484410951375,0.14439999999999031,253.900473
1709,0.00017075995145449652,0.00011375101266732874,1.0,0.010339603039448728,0.14119800000000282,254.041671
1710,0.0001705969790810995,0.00011367584278869109,1.0,0.010357215717051173,0.15844599999999787,254.200117
1711,0.00017043428656069497,0.00011358740681939163,1.0,0.010374775135095663,0.14100000000001955,254.34111700000003
1712,0.00017027181176921153,0.00011351374721415494,1.0,0.010291251705400331,0.14034999999998377,254.481467
1713,0.0001701096379855957,0.0001134225472049246,1.0,0.010257472951964447,0.13255800000001727,254.61402500000003
1714,0.00016994772329437558,0.0001133317632961018,1.0,0.010346477461627802,0.14661899999998695,254.760644
1715,0.00016978602658195924,0.00011324030276938884,1.0,0.010379929798112284,0.14153300000000968,254.90217700000002
1716,0.00016962458973595357,0.00011315550435270361,1.0,0.010402065971710832,0.1412029999999902,255.04338
1717,0.00016946341408188005,0.00011306631893815196,1.0,0.01036879630952489,0.1370019999999954,255.180382
1718,0.0001693024717820284,0.00011297857746839147,1.0,0.010324262443541525,0.14295200000000818,255.32333400000002
1719,0.00016914174692656288,0.00011289762421952751,1.0,0.01031938203148101,0.13812300000000732,255.46145700000002
1720,0.00016898129848533743,0.00011280489746263257,1.0,0.010263052577045642,0.13569899999998825,255.597156
1721,0.0001688210618040789,0.00011271957607571795,1.0,0.010310511185380474,0.1342530000000295,255.73140900000004
1722,0.00016866108304003564,0.00011263230738063977,1.0,0.010317451043781178,0.1420559999999682,255.873465
1723,0.00016850134198147224,0.00011254364261217637,1.0,0.010428828655052522,0.14320800000001555,256.016673
1724,0.0001683418164115281,0.00011246390264483099,1.0,0.010334059384047451,0.1421139999999923,256.158787
1725,0.00016818254617652118,0.00011238403527326479,1.0,0.010300783202528143,0.1446030000000178,256.30339000000004
1726,0.00016802352828181925,0.00011230927876188475,1.0,0.010320873064124823,0.13649999999995543,256.43989
1727,0.0001678647683285993,0.00011221659428577438,1.0,0.010348699621965735,0.14222300000000132,256.582113
1728,0.00016770625710626949,0.0001121281136948215,1.0,0.010399796808755859,0.1331220000000144,256.715235
1729,0.00016754797525465081,0.00011203580692147555,1.0,0.010323770772741577,0.16924699999998438,256.884482
1730,0.00016738992403521468,0.00011194818116000012,1.0,0.01020184878899876,0.1406270000000518,257.02510900000004
1731,0.00016723212409240976,0.00011185907815452697,1.0,0.010294734185418472,0.14197899999999208,257.16708800000004
1732,0.0001670745699332281,0.00011176564937036905,1.0,0.010363496589314906,0.13236000000000558,257.29944800000004
1733,0.00016691720174705614,0.00011169382814123936,1.0,0.010283068465360711,0.14650499999999056,257.44595300000003
1734,0.00016676007253915392,0.00011161656890226869,1.0,0.010397292911436502,0.142737000000011,257.58869000000004
1735,0.00016660320730141773,0.00011153084715210222,1.0,0.010243776232139753,0.1378609999999867,257.72655100000003
1736,0.00016644656035591987,0.00011145664806364845,1.0,0.010257448835298295,0.13731500000000096,257.86386600000003
1737,0.000166290181010627,0.00011137385327849654,1.0,0.010305617032325009,0.1391779999999585,258.003044
1738,0.00016613404545894172,0.00011127667060500794,1.0,0.010275237323221258,0.1443100000000186,258.147354
1739,0.0001659781370157422,0.0001111796012470579,1.0,0.010282463305949582,0.13857000000001563,258.285924
1740,0.0001658224600862766,0.0001110870176676584,1.0,0.010242489393225205,0.14256999999997788,258.428494
1741,0.0001656669684194812,0.00011101117827090413,1.0,0.01038262007920534,0.13419700000002877,258.56269100000003
1742,0.0001655117373545899,0.000110924650739977,1.0,0.010234089263663116,0.14109600000000455,258.70378700000003
1743,0.00016535673628402831,0.00011082681417350883,1.0,0.010200572804113317,0.13718499999998812,258.840972
1744,0.0001652019304427687,0.00011074817419276776,1.0,0.010236104850763374,0.14388700000000654,258.98485900000003
1745,0.00016504740445826702,0.00011065256726305422,1.0,0.010178502162837015,0.13892199999997956,259.123781
1746,0.00016489306937306713,0.00011056651152857987,1.0,0.010209447213678067,0.16777799999999843,259.291559
1747,0.0001647389976345414,0.00011047293754710306,1.0,0.010204285146587036,0.13996300000002293,259.43152200000003
1748,0.00016458513396030818,0.000110398781798481,1.0,0.010156068443184882,0.1441939999999704,259.575716
1749,0.00016443149425270675,0.00011032004546842644,1.0,0.010193408906306595,0.1400480000000357,259.71576400000004
1750,0.0001642781039876556,0.00011024007401077823,1.0,0.010226336857462989,0.14115199999997685,259.856916
1751,0.00016412491586646633,0.000110150639884588,1.0,0.01019223071594901,0.14066200000002027,259.99757800000003
1752,0.00016397197746403317,0.00011005733424711936,1.0,0.01018995252467237,0.13824899999997342,260.135827
1753,0.00016381924464409225,0.00010997708085629187,1.0,0.01015845445440717,0.14347400000002608,260.27930100000003
1754,0.00016366676231281934,0.00010989335385297784,1.0,0.010180139389201842,0.14203499999996438,260.421336
1755,0.00016351449852055233,0.00010980424625899686,1.0,0.010165259703160142,0.1420720000000415,260.56340800000004
1756,0.0001633624266944107,0.00010972549969834647,1.0,0.010160233086978252,0.14158799999995608,260.704996
1757,0.0001632106156688583,0.00010964242321980996,1.0,0.0102355485132094,0.14444600000001628,260.849442
1758,0.0001630590338809033,0.00010955093725128692,1.0,0.010119486560437034,0.13323000000002594,260.98267200000004
1759,0.00016290766090716027,0.00010945892420910745,1.0,0.0101232223056893,0.14374799999995957,261.12642
1760,0.00016275652071466855,0.00010937082673734352,1.0,0.010269377717454857,0.14699600000000146,261.273416
1761,0.00016260559776645246,0.00010928774620612015,1.0,0.010123155388827732,0.13675599999999122,261.410172
1762,0.00016245490427578362,0.00010920585081441347,1.0,0.010137942006932847,0.1353330000000028,261.545505
1763,0.00016230445060682157,0.00010911461721646595,1.0,0.010143563402141545,0.14199400000001106,261.687499
1764,0.0001621541763469414,0.00010903873963349854,1.0,0.01014398751735517,0.13885700000002998,261.82635600000003
1765,0.00016200414295112857,0.0001089408987063249,1.0,0.010111362540030193,0.13597799999996596,261.962334
1766,0.00016185431345839098,0.00010885876458270785,1.0,0.010151533291464303,0.15113999999999805,262.113474
1767,0.00016170470027804877,0.00010877844253112696,1.0,0.010049370367747374,0.14951999999999543,262.262994
1768,0.00016155530356126593,0.00010870203891792214,1.0,0.01008255078371327,0.1423220000000356,262.405316
1769,0.00016140614398590356,0.00010861439080679472,1.0,0.010078531661279063,0.13659699999999475,262.541913
1770,0.00016125718505353054,0.00010853344369339115,1.0,0.010037278787454276,0.14310499999999138,262.685018
1771,0.00016110845699842175,0.00010846363719125311,1.0,0.01008429118687246,0.14128900000002886,262.82630700000004
1772,0.00016095996833542914,0.00010837896197255989,1.0,0.010041341822083704,0.13657899999998335,262.962886
1773,0.00016081170001122253,0.00010829328242168278,1.0,0.010093161724027024,0.1419899999999643,263.104876
1774,0.00016066364227642577,0.0001082050309724053,1.0,0.01007886459191635,0.1427210000000514,263.24759700000004
1775,0.0001605157950535736,0.00010812340296824512,1.0,0.010106735816384218,0.14170599999999922,263.38930300000004
1776,0.00016036817325115865,0.00010804406129125152,1.0,0.010097231910869406,0.14041299999996681,263.529716
1777,0.00016022074737758496,0.00010797141051749333,1.0,0.010040417532951542,0.1468189999999936,263.676535
1778,0.00016007354827631288,0.00010789388654714667,1.0,0.010068518352928464,0.14426100000002862,263.82079600000003
1779,0.00015992655801332377,0.00010781388453139852,1.0,0.010153756958409603,0.1332439999999906,263.95404
1780,0.000159779803213406,0.00010773332229296537,1.0,0.010094209911453975,0.14387599999997747,264.097916
1781,0.00015963325371326723,0.00010764649383903945,1.0,0.010089802149541164,0.14046999999999343,264.238386
1782,0.00015948690899170986,0.00010756714257601703,1.0,0.010023860492660823,0.14158600000001798,264.379972
1783,0.00015934080146010293,0.00010749244990283647,1.0,0.01010360062882058,0.14402200000000676,264.523994
1784,0.00015919489661125064,0.00010741083621955233,1.0,0.010013011336405678,0.13674700000001394,264.66074100000003
1785,0.000159049195745464,0.00010733217592547568,1.0,0.010109198935113453,0.1441719999999691,264.804913
1786,0.00015890373989789044,0.00010724347253627648,1.0,0.010038104787018708,0.13994800000000396,264.944861
1787,0.00015875846791926974,0.00010716356476113778,1.0,0.010057641078490543,0.13691800000003695,265.08177900000004
1788,0.00015861338941641534,0.00010707892341345996,1.0,0.010065938278098369,0.137724999999989,265.21950400000003
1789,0.0001584685518954162,0.00010699369754068264,1.0,0.010085543347395955,0.14226600000000644,265.36177000000004
1790,0.00015832389528418062,0.00010691861529699496,1.0,0.010093098530883075,0.14274299999999585,265.50451300000003
1791,0.00015817946194564937,0.00010683960827210732,1.0,0.010032053604176019,0.14354800000000978,265.64806100000004
1792,0.0001580352610815866,0.0001067535289846881,1.0,0.00997590271839041,0.1607249999999567,265.808786
1793,0.00015789125748337212,0.00010667142292507263,1.0,0.010074361766825348,0.14164500000003954,265.95043100000004
1794,0.00015774740140558785,0.00010660757916690919,1.0,0.010060446535159707,0.14257899999995516,266.09301
1795,0.00015760381498676354,0.00010652471275916316,1.0,0.010071086548770309,0.14117700000002742,266.234187
1796,0.00015746040010409203,0.0001064471870997805,1.0,0.010097866921134251,0.14138500000001386,266.37557200000003
1797,0.00015731724289771217,0.00010637140196121869,1.0,0.010033244056232725,0.13970399999999472,266.51527600000003
1798,0.00015717427653991266,0.00010628732573914111,1.0,0.00998817335788124,0.1407989999999586,266.656075
1799,0.00015703149126509438,0.00010621517718918147,1.0,0.010018135185395096,0.1406570000000329,266.796732
1800,0.00015688892598408847,0.0001061293103845394,1.0,0.010150422759007694,0.1513739999999757,266.948106
1801,0.00015674658198638588,0.00010604515547855372,1.0,0.010023381711149557,0.1425830000000019,267.090689
1802,0.00015660443662787586,0.0001059646796971568,1.0,0.010109550306195675,0.13540499999999156,267.226094
1803,0.00015646250907602546,0.00010588119927026572,1.0,0.01008909421514541,0.14018100000004097,267.36627500000003
1804,0.0001563207645210755,0.00010580111293595219,1.0,0.010042644066292619,0.15105599999998276,267.517331
1805,0.00015617924898810525,0.0001057149118922663,1.0,0.010085206942358888,0.14215100000001257,267.659482
1806,0.0001560379322166318,0.00010564332879120786,1.0,0.010017237678821695,0.15458000000000993,267.81406200000004
1807,0.00015589680952710072,0.00010557434396148628,1.0,0.010076523188774437,0.17327099999999973,267.98733300000004
1808,0.00015575588858920885,0.00010550057807979699,1.0,0.01004327829211084,0.15675999999996293,268.144093
1809,0.00015561517148331806,0.00010542853993394548,1.0,0.010015647712062913,0.1406729999999925,268.284766
1810,0.0001554746676054349,0.00010535683961985743,1.0,0.01000327222954298,0.1417650000000208,268.426531
1811,0.00015533437625669635,0.00010527899503693984,1.0,0.009994947416864151,0.1408749999999941,268.567406
1812,0.00015519428660373658,0.00010520137917485866,1.0,0.010077690782252296,0.14621199999999135,268.713618
1813,0.00015505439577343294,0.00010511619815074635,1.0,0.009989443346569263,0.13607100000001537,268.849689
1814,0.0001549147028840924,0.00010504152991975689,1.0,0.010035143579670997,0.14153299999998126,268.991222
1815,0.00015477522051114576,0.00010496422272001708,1.0,0.010134926483681642,0.14257300000002715,269.133795
1816,0.00015463589713377786,0.00010489682366348909,1.0,0.010061224732115586,0.14039400000001478,269.27418900000004
1817,0.00015449680166252432,0.00010481661707812393,1.0,0.01005640684515743,0.13723999999996295,269.411429
1818,0.00015435792177844775,0.00010473330483048334,1.0,0.010084029085008122,0.1408670000000143,269.552296
1819,0.00015421922530752108,0.00010465526163333396,1.0,0.010052764722154665,0.16389099999997825,269.716187
1820,0.00015408071835397306,0.00010457855557483097,1.0,0.009934309303744566,0.16142300000001342,269.87761
1821,0.00015394242719342344,0.00010449975324671995,1.0,0.010032737822570229,0.16845100000000457,270.046061
1822,0.0001538043341968961,0.00010442737502813427,1.0,0.010032909668642868,0.14366999999998598,270.189731
1823,0.00015366644404378406,0.0001043501908246873,1.0,0.009981801632489117,0.13665900000000875,270.32639
1824,0.00015352870230755044,0.00010427804965798398,1.0,0.009988120518962031,0.1450659999999857,270.471456
1825,0.00015339119448889516,0.00010420007974664528,1.0,0.009973505642635275,0.14367800000002262,270.615134
1826,0.000153253887386184,0.0001041203580667349,1.0,0.009996439829837476,0.14192900000000463,270.757063
1827,0.00015311677549794273,0.00010404367254640738,1.0,0.00999017228980402,0.13718799999998055,270.894251
1828,0.00015297985052827783,0.00010396383054134159,1.0,0.009966642491864007,0.14236099999999396,271.036612
1829,0.0001528431126192749,0.00010388229905495688,1.0,0.010052758970045676,0.137437000000034,271.174049
1830,0.00015270655929852935,0.00010381329563546965,1.0,0.010034623782144182,0.1363499999999931,271.310399
1831,0.00015257020584350482,0.00010373856036927004,1.0,0.010038744062293065,0.14078899999998384,271.451188
1832,0.00015243404923087183,0.00010366581683087715,1.0,0.00998131163822564,0.138637000000017,271.589825
1833,0.00015229809877602497,0.00010359403369177171,1.0,0.009947375955666674,0.13801899999998568,271.727844
1834,0.00015216233288351062,0.00010352047221722086,1.0,0.009989184998276533,0.1360960000000091,271.86394
1835,0.0001520267596026561,0.00010345553403263584,1.0,0.00998015965396929,0.13397800000001325,271.997918
1836,0.0001518913982738755,0.00010338374783344673,1.0,0.0099940488880671,0.13848400000000538,272.13640200000003
1837,0.00015175620580044818,0.00010331648238987433,1.0,0.010031965010313853,0.13715400000000955,272.27355600000004
1838,0.00015162125092135753,0.00010322702439076554,1.0,0.009966878908784822,0.13580399999995052,272.40936
1839,0.00015148645676732608,0.00010315723486317183,1.0,0.009969624873984027,0.13619900000003327,272.545559
1840,0.0001513518547221827,0.0001030813871445645,1.0,0.009998298624595666,0.1412639999999783,272.686823
1841,0.00015121744628138333,0.00010301077137111248,1.0,0.009934018002208759,0.1358809999999835,272.822704
1842,0.00015108324309014753,0.00010293260336757203,1.0,0.009991021675862275,0.1375110000000177,272.960215
1843,0.0001509492364438266,0.00010285273303752373,1.0,0.010043115948421392,0.13470399999999927,273.094919
1844,0.00015081537182243916,0.00010277933286729152,1.0,0.009886663144317335,0.1339100000000144,273.228829
1845,0.00015068174827924724,0.00010269666779204868,1.0,0.009927618445322542,0.1367869999999698,273.365616
1846,0.00015054828868509113,0.00010261778521625638,1.0,0.00991502498634606,0.14041700000001356,273.506033
1847,0.00015041501210038964,0.00010254563354803592,1.0,0.009972317910066485,0.13239300000003595,273.63842600000004
1848,0.0001502819514748824,0.00010247064323381814,1.0,0.010024175799998624,0.13855899999998655,273.776985
1849,0.00015014904278018153,0.00010239781544623338,1.0,0.009890056759318045,0.1374230000000125,273.91440800000004
1850,0.00015001634424451033,0.00010231666375322824,1.0,0.009947229655634889,0.1374930000000063,274.05190100000004
1851,0.00014988382310968213,0.00010224715920910735,1.0,0.009975309573173568,0.14529199999998355,274.197193
1852,0.00014975146913518968,0.00010217762559034257,1.0,0.009921267680424922,0.13710099999997283,274.334294
1853,0.00014961932109848586,0.00010210308538603819,1.0,0.009924795187107913,0.1491860000000429,274.48348000000004
1854,0.00014948734940243614,0.00010203192185519748,1.0,0.009923179400663512,0.1435489999999504,274.627029
1855,0.00014935555638358688,0.00010195798702575495,1.0,0.009980952456069688,0.1420439999999985,274.769073
1856,0.00014922394009371192,0.00010188349198829854,1.0,0.009948444446423085,0.14116500000000087,274.910238
1857,0.0001490925253066969,0.00010180892383534966,1.0,0.00991668362518599,0.13825500000001512,275.048493
1858,0.00014896129099926028,0.00010174010560433325,1.0,0.009940481114233766,0.1408190000000218,275.18931200000003
1859,0.00014883027114683586,0.00010166335055845994,1.0,0.009881651200637252,0.1392240000000129,275.32853600000004
1860,0.00014869942519989235,0.00010158315766399401,1.0,0.009930845799175332,0.14428899999995792,275.472825
1861,0.00014856873654679991,0.00010151233359373375,1.0,0.009959580867406564,0.14076199999999517,275.613587
1862,0.00014843824699328312,0.00010143585094850496,1.0,0.00997763824920115,0.13848799999999528,275.752075
1863,0.00014830794955730892,0.00010135835289836086,1.0,0.009914651731189475,0.14018100000004097,275.89225600000003
1864,0.00014817779401756032,0.00010128395146943175,1.0,0.009868946438322833,0.14178199999997787,276.034038
1865,0.00014804783798915826,0.00010121719310337485,1.0,0.009867776003467913,0.13570900000001984,276.16974700000003
1866,0.0001479180780757177,0.00010114698579452562,1.0,0.009905371527653573,0.1403619999999819,276.310109
1867,0.00014778847276218865,0.00010108291241720377,1.0,0.009908960124155632,0.14253800000000183,276.452647
1868,0.00014765908161684993,0.00010100349776153691,1.0,0.009898969515894078,0.13605699999999388,276.588704
1869,0.00014752986557484948,0.00010093127328299359,1.0,0.009895565610213403,0.1343650000000025,276.723069
1870,0.0001474008164402753,0.00010086017193425356,1.0,0.009855193483005094,0.13746900000001006,276.860538
1871,0.0001472719788557947,0.00010078228638333863,1.0,0.009828208654835345,0.13949600000000828,277.000034
1872,0.0001471432881691195,0.0001007126213358993,1.0,0.009804542005796228,0.14166099999999915,277.141695
1873,0.00014701478403626974,0.00010064062422946502,1.0,0.009914710059566447,0.1409479999999803,277.282643
1874,0.00014688646762084817,0.00010055803275270718,1.0,0.009840725191997277,0.13916699999998627,277.42181
1875,0.00014675827977735396,0.00010049339217661055,1.0,0.009896941071081652,0.1391980000000217,277.561008
1876,0.00014663031808680006,0.00010041765888310912,1.0,0.00993230629397143,0.14030000000002474,277.70130800000004
1877,0.00014650252578468807,0.0001003406035618536,1.0,0.009848225115247534,0.13506099999995058,277.836369
1878,0.00014637491233398826,0.00010027384453860549,1.0,0.009830307995952263,0.13829300000003286,277.974662
1879,0.00014624749809704667,0.00010019637905157119,1.0,0.00977634692828075,0.13884799999999586,278.11351
1880,0.00014612024040998995,0.0001001173887524974,1.0,0.009851164349245404,0.13954200000000583,278.253052
1881,0.0001459931416362609,0.00010005183326980005,1.0,0.009839085410545914,0.13972499999999854,278.392777
1882,0.00014586623798380001,9.997890785761501e-05,1.0,0.00979598710214009,0.14208899999999858,278.534866
1883,0.0001457394946623313,9.990925301797133e-05,1.0,0.009758149884141502,0.1536750000000211,278.68854100000004
1884,0.00014561295252194046,9.982433310939938e-05,1.0,0.0098094319528015,0.1367429999999672,278.825284
1885,0.00014548658305254291,9.97533957828734e-05,1.0,0.009825009907303683,0.14015799999998535,278.965442
1886,0.00014536037028025958,9.967548727281705e-05,1.0,0.0097848258785594,0.14246300000002066,279.107905
1887,0.00014523431508083423,9.960727153819091e-05,1.0,0.0098466024839079,0.14309700000001158,279.251002
1888,0.00014510844950355186,9.953494796856504e-05,1.0,0.009776260858596935,0.15295399999996562,279.403956
1889,0.0001449827705561904,9.945503086303072e-05,1.0,0.009762598915154425,0.1504340000000184,279.55439
1890,0.00014485721321776817,9.938489422405197e-05,1.0,0.0098067879166912,0.14448499999997466,279.698875
1891,0.00014473186084018968,9.931349204952878e-05,1.0,0.009782347026773814,0.13879600000001346,279.837671
1892,0.0001446066921329853,9.925039144648894e-05,1.0,0.009786767186955599,0.13447400000001153,279.972145
1893,0.00014448170728010917,9.918032106309195e-05,1.0,0.009765384191184624,0.13933100000002696,280.11147600000004
1894,0.00014435687196205543,9.910963709967632e-05,1.0,0.009832507663111311,0.1402259999999842,280.251702
1895,0.00014423221379420006,9.904057737930179e-05,1.0,0.009799116017313174,0.13849199999998518,280.390194
1896,0.00014410771835119408,9.897289868736994e-05,1.0,0.00973201672209023,0.13924700000001167,280.529441
1897,0.0001439833794162303,9.891204354087012e-05,1.0,0.009697936089713342,0.13916799999998375,280.668609
1898,0.00014385924829468647,9.884505076389152e-05,1.0,0.009749344189348419,0.1398940000000266,280.80850300000003
1899,0.00014373527203190883,9.878589056409671e-05,1.0,0.009769936604990079,0.13249400000000833,280.94099700000004
1900,0.00014361147660254744,9.871396909656488e-05,1.0,0.009780340986116602,0.13695099999995364,281.077948
1901,0.00014348785135500356,9.864242385713436e-05,1.0,0.00972654497589359,0.13936800000004723,281.21731600000004
1902,0.00014336439518678636,9.857035956419751e-05,1.0,0.009714391248426235,0.13584399999996322,281.35316
1903,0.0001432411009104568,9.849885451797209e-05,1.0,0.009690709997800995,0.14607899999998608,281.499239
1904,0.000143118002734589,9.842907534422297e-05,1.0,0.009769156347574028,0.14161599999999908,281.640855
1905,0.00014299506402111012,9.835827884410684e-05,1.0,0.00975640999912887,0.14407700000003842,281.784932
1906,0.00014287228696622942,9.82886818276971e-05,1.0,0.009795008760831442,0.14130699999998342,281.926239
1907,0.00014274968089523737,9.82110999668441e-05,1.0,0.00972507454001869,0.13606900000002042,282.06230800000003
1908,0.000142627232129206,9.813976132994114e-05,1.0,0.009649946514115488,0.1434719999999743,282.20578
1909,0.0001425049445480921,9.80697150332182e-05,1.0,0.009681540801265848,0.14308399999998755,282.348864
1910,0.00014238281849502515,9.800072044188208e-05,1.0,0.009653223702461486,0.13761100000004944,282.48647500000004
1911,0.00014226085940322104,9.792905810822788e-05,1.0,0.00976188728836224,0.13471699999996645,282.621192
1912,0.00014213905106531206,9.787077061575995e-05,1.0,0.009757342562976746,0.1389520000000175,282.760144
1913,0.0001420174421771523,9.780583381181841e-05,1.0,0.009707356846342458,0.14390299999996614,282.904047
1914,0.00014189596186374003,9.774340985227826e-05,1.0,0.009688166280084008,0.13520900000003166,283.039256
1915,0.0001417746868338282,9.767371642332885e-05,1.0,0.009757377423889954,0.14018799999996645,283.179444
1916,0.0001416535664241419,9.760205789841357e-05,1.0,0.009733829659650318,0.14048800000000483,283.319932
1917,0.00014153261612066348,9.753725382248375e-05,1.0,0.009763553724494353,0.13739500000002636,283.457327
1918,0.00014141184593799566,9.747049417813593e-05,1.0,0.009788212493868223,0.1393640000000005,283.596691
1919,0.00014129122497565173,9.740201455045944e-05,1.0,0.009706127835496492,0.14526899999998477,283.74196
1920,0.00014117077294953674,9.734496346710506e-05,1.0,0.0097381183674931,0.14371599999998352,283.885676
1921,0.00014105046993408734,9.727941287713878e-05,1.0,0.009698206753176604,0.14143800000005058,284.02711400000004
1922,0.00014093035396878895,9.721036884652846e-05,1.0,0.009701172821524716,0.14112299999999323,284.16823700000003
1923,0.00014081039394159045,9.713848341818742e-05,1.0,0.009671059758731166,0.14032399999996414,284.308561
1924,0.00014069058108835006,9.70763624888484e-05,1.0,0.009767094604924557,0.14145000000002028,284.450011
1925,0.00014057096025932113,9.699562046462792e-05,1.0,0.009719974603767783,0.14110299999998688,284.591114
1926,0.00014045149440815465,9.692572329121076e-05,1.0,0.009659220922498131,0.13866799999999557,284.729782
1927,0.00014033216807249422,9.685764214046774e-05,1.0,0.009637854636875266,0.1399160000000279,284.869698
1928,0.00014021301721539286,9.679099003608396e-05,1.0,0.009644884418983816,0.13894399999998086,285.008642
1929,0.0001400940298290446,9.672803290517437e-05,1.0,0.009556997742713099,0.14188400000000456,285.150526
1930,0.00013997519550907928,9.66583012142957e-05,1.0,0.009617833272715044,0.1403619999999819,285.290888
1931,0.00013985653825383468,9.659098469419411e-05,1.0,0.00959385444757229,0.14463000000000648,285.435518
1932,0.00013973803239222704,9.652136027546111e-05,1.0,0.009673246152457802,0.1450399999999945,285.580558
1933,0.00013961970416658987,9.645287767058126e-05,1.0,0.00960073274431897,0.1436170000000061,285.724175
1934,0.0001395014969982407,9.639820003323907e-05,1.0,0.00963081835396887,0.14154600000000528,285.865721
1935,0.0001393834729628481,9.632831845375806e-05,1.0,0.009631970316858784,0.1388170000000173,286.004538
1936,0.0001392655860843356,9.627126280812953e-05,1.0,0.00962126071016466,0.1405409999999847,286.145079
1937,0.00013914788598716805,9.620087646790347e-05,1.0,0.009590487960194011,0.1330159999999978,286.278095
1938,0.000139030341043879,9.612555060307432e-05,1.0,0.00961257341948179,0.15717200000000275,286.435267
1939,0.00013891295065764875,9.606138214636462e-05,1.0,0.009593827764452294,0.1503640000000246,286.58563100000003
1940,0.0001387957209906745,9.599514641606955e-05,1.0,0.00965811411240037,0.14604099999996834,286.731672
1941,0.00013867864058416502,9.592956226218644e-05,1.0,0.009581889011991557,0.1817930000000274,286.91346500000003
1942,0.00013856173973503933,9.586253055600245e-05,1.0,0.009647822290408559,0.1475770000000125,287.06104200000004
1943,0.0001384449902926116,9.579284308915205e-05,1.0,0.00957445039277427,0.16232199999996055,287.223364
1944,0.0001383283834190454,9.57324932177664e-05,1.0,0.009689645732243363,0.16073699999998325,287.384101
1945,0.00013821194082537156,9.567238950709256e-05,1.0,0.00959404634241351,0.15355200000004743,287.53765300000003
1946,0.00013809564945259145,9.561697320562121e-05,1.0,0.009614688466872037,0.15274799999997413,287.690401
1947,0.0001379795391071028,9.55457535961692e-05,1.0,0.009618536607337604,0.14565600000003087,287.83605700000004
1948,0.00013786354464872394,9.548755592897396e-05,1.0,0.009556210743343794,0.15417999999999665,287.99023700000004
1949,0.00013774770270126802,9.542911332437012e-05,1.0,0.009589100069704563,0.1606949999999756,288.150932
1950,0.00013763205741132965,9.536361469807937e-05,1.0,0.009644614172828515,0.15489100000002054,288.30582300000003
1951,0.00013751657648166301,9.530069226236722e-05,1.0,0.009676802116457484,0.13867599999997537,288.444499
1952,0.00013740125516355,9.523200170280113e-05,1.0,0.009603111752433184,0.15221900000000232,288.596718
1953,0.00013728607048112612,9.51677802632838e-05,1.0,0.009569653520189386,0.1559740000000147,288.752692
1954,0.00013717103428606195,9.509849634068762e-05,1.0,0.009594684888929627,0.14377999999999247,288.896472
1955,0.000137056128729222,9.503706958382583e-05,1.0,0.009564342106321793,0.15435300000001462,289.05082500000003
1956,0.00013694140806280825,9.497623296165993e-05,1.0,0.009631947636586714,0.14279099999998834,289.193616
1957,0.0001368268336655105,9.490835012692635e-05,1.0,0.009548733094684328,0.14881900000000314,289.342435
1958,0.0001367124265893224,9.483557874643963e-05,1.0,0.009461675068369216,0.14370600000000877,289.48614100000003
1959,0.00013659815400905522,9.477190506387826e-05,1.0,0.0094839547938746,0.1580759999999941,289.644217
1960,0.0001364840513140718,9.469994568627409e-05,1.0,0.00966038816306077,0.15891399999998157,289.803131
1961,0.00013637008835025455,9.462660051263331e-05,1.0,0.009592459433867821,0.14818500000001222,289.951316
1962,0.0001362562757475827,9.455921331070547e-05,1.0,0.009594189253308554,0.15145100000000866,290.10276700000003
1963,0.00013614260709132807,9.449502598073235e-05,1.0,0.009516406945305853,0.1477610000000027,290.25052800000003
1964,0.00013602906904271834,9.443583953936821e-05,1.0,0.009522535679863867,0.145245999999986,290.395774
1965,0.00013591569780868834,9.437978689447318e-05,1.0,0.00954159202571143,0.14805100000000948,290.543825
1966,0.00013580248179765524,9.432066964108033e-05,1.0,0.009540712875363335,0.14975799999996298,290.693583
1967,0.00013568941335957482,9.425856054427318e-05,1.0,0.009514748087016385,0.14172200000001567,290.835305
1968,0.0001355765146468717,9.419072727375284e-05,1.0,0.009469214549407447,0.1524909999999977,290.987796
1969,0.00013546376116347941,9.412573124839976e-05,1.0,0.009568578473313652,0.14458700000000135,291.132383
1970,0.00013535116742663505,9.40560084712837e-05,1.0,0.00952106746600735,0.18749800000000505,291.319881
1971,0.00013523871619923155,9.399451806320554e-05,1.0,0.009518669919751865,0.1745950000000107,291.494476
1972,0.0001351264164572161,9.393013082150738e-05,1.0,0.009525193120050193,0.1511059999999702,291.645582
1973,0.0001350142674910855,9.386662627303298e-05,1.0,0.009519228928043183,0.14313100000003942,291.78871300000003
1974,0.00013490224478778076,9.380365955400711e-05,1.0,0.00947336341011468,0.21435999999999922,292.00307300000003
1975,0.00013479039917655843,9.37380778170674e-05,1.0,0.009490582685546515,0.14850300000000516,292.15157600000003
1976,0.00013467868238068215,9.367777419171355e-05,1.0,0.009473852539601507,0.17629899999997178,292.327875
1977,0.00013456710060581647,9.361282218985877e-05,1.0,0.009495758397479643,0.14330799999999044,292.471183
1978,0.00013445569702362682,9.353957277756426e-05,1.0,0.00951219149262295,0.13749599999999873,292.608679
1979,0.0001343444101632308,9.348211241940721e-05,1.0,0.00951771825091561,0.23559000000000196,292.844269
1980,0.00013423329965954993,9.341113307662892e-05,1.0,0.009559787441348328,0.1594360000000279,293.003705
1981,0.00013412232300261795,9.335374681740892e-05,1.0,0.00950862046237014,0.14526200000000244,293.148967
1982,0.00013401149448743672,9.328499848825277e-05,1.0,0.009461275310805296,0.14344699999998056,293.292414
1983,0.00013390081683780543,9.32186514781844e-05,1.0,0.009518047178680893,0.15638699999999517,293.448801
1984,0.00013379027095163648,9.316264984605625e-05,1.0,0.009521930574634015,0.22746799999998757,293.676269
1985,0.00013367987991812547,9.308786096923103e-05,1.0,0.009506484247021224,0.18298700000002555,293.859256
1986,0.00013356962731550143,9.302166933367348e-05,1.0,0.009566250149806738,0.15662200000002713,294.01587800000004
1987,0.00013345951099687353,9.29633185001181e-05,1.0,0.00953243879894756,0.15749699999997802,294.173375
1988,0.0001333495356831746,9.290015365358971e-05,1.0,0.009518789779057341,0.14224999999999,294.315625
1989,0.0001332397334045737,9.283246332053219e-05,1.0,0.009553788844142652,0.137958000000026,294.45358300000004
1990,0.00013313005958099297,9.27745645462179e-05,1.0,0.00946025429522688,0.13995999999997366,294.593543
1991,0.00013302050790074525,9.272056514576856e-05,1.0,0.009444580433900413,0.13885199999998576,294.732395
1992,0.00013291111947378995,9.266429601017441e-05,1.0,0.009452274141456345,0.1528390000000286,294.885234
1993,0.0001328018670182673,9.26042351563684e-05,1.0,0.009460402843068809,0.13388099999997394,295.019115
1994,0.0001326927682333408,9.25376016888478e-05,1.0,0.009442717724372995,0.1511560000000145,295.170271
1995,0.00013258380396668118,9.247080156966824e-05,1.0,0.009429690818460823,0.13422800000000734,295.304499
1996,0.00013247499721458504,9.240168677492358e-05,1.0,0.009476584496169059,0.14397900000000163,295.448478
1997,0.0001323663163365477,9.233319994387198e-05,1.0,0.009424553765563514,0.14119499999998197,295.589673
1998,0.00013225776560774622,9.226972183580915e-05,1.0,0.009472711184777709,0.14098300000000563,295.730656
1999,0.0001321493603989188,9.220670619995132e-05,1.0,0.009423831701375628,0.13355000000001382,295.864206
